  0.000000000000000E+000  0.000000000000000E+000  -1.80452845317447     
  0.000000000000000E+000  0.300499995549520       -1.75690147957740     
  0.000000000000000E+000  0.600999991099040       -1.45048181221312     
  0.000000000000000E+000  0.901499986648560       -1.09619772585320     
  0.000000000000000E+000   1.20199998219808      -0.821158531629353     
  0.000000000000000E+000   1.50249997774760      -0.624511462295696     
  0.000000000000000E+000   1.80299997329712      -0.484037043551403     
  0.000000000000000E+000   2.10349996884664      -0.381642786865011     
  0.000000000000000E+000   2.40399996439616      -0.304143856886793     
  0.000000000000000E+000   2.70449995994568      -0.245618854248010     
  0.000000000000000E+000   3.00499995549520      -0.205554255415310     
  0.000000000000000E+000   3.30549995104472      -0.186739148159488     
  0.000000000000000E+000   3.60599994659424      -0.180551448664902     
  0.000000000000000E+000   3.90649994214376      -0.151000768669439     
  0.000000000000000E+000   4.20699993769328      -0.129249751122016     
  0.000000000000000E+000   4.50749993324280      -0.113694685953956     
  0.000000000000000E+000   4.80799992879232      -0.102606418041120     
  0.000000000000000E+000   5.10849992434184      -9.402936124883769E-002
  0.000000000000000E+000   5.40899991989136      -8.726175861344068E-002
  0.000000000000000E+000   5.70949991544088      -8.271371124108776E-002
  0.000000000000000E+000   6.00999991099040      -7.971732266190119E-002
  0.000000000000000E+000   6.31049990653992      -7.694403067612456E-002
  0.000000000000000E+000   6.61099990208944      -7.282020370690315E-002
  0.000000000000000E+000   6.91149989763896      -6.754705462037708E-002
  0.000000000000000E+000   7.21199989318848      -6.265428142778293E-002
  0.300499995549520       0.000000000000000E+000  -1.75689752675031     
  0.300499995549520       0.300499995549520       -1.61219092034376     
  0.300499995549520       0.600999991099040       -1.33298237319640     
  0.300499995549520       0.901499986648560       -1.03274740801142     
  0.300499995549520        1.20199998219808      -0.787788771384624     
  0.300499995549520        1.50249997774760      -0.606091252683619     
  0.300499995549520        1.80299997329712      -0.473642312500751     
  0.300499995549520        2.10349996884664      -0.376116801512914     
  0.300499995549520        2.40399996439616      -0.302491136223652     
  0.300499995549520        2.70449995994568      -0.247064814768116     
  0.300499995549520        3.00499995549520      -0.210174539836351     
  0.300499995549520        3.30549995104472      -0.192632567495482     
  0.300499995549520        3.60599994659424      -0.182212491056345     
  0.300499995549520        3.90649994214376      -0.157088695547732     
  0.300499995549520        4.20699993769328      -0.132785579104728     
  0.300499995549520        4.50749993324280      -0.115423418866245     
  0.300499995549520        4.80799992879232      -0.103571324834729     
  0.300499995549520        5.10849992434184      -9.450519964297081E-002
  0.300499995549520        5.40899991989136      -8.748556411266101E-002
  0.300499995549520        5.70949991544088      -8.276825380373812E-002
  0.300499995549520        6.00999991099040      -7.948890747940653E-002
  0.300499995549520        6.31049990653992      -7.623702012455244E-002
  0.300499995549520        6.61099990208944      -7.121939882301311E-002
  0.300499995549520        6.91149989763896      -6.481291413225580E-002
  0.300499995549520        7.21199989318848      -6.211892012191216E-002
  0.600999991099040       0.000000000000000E+000  -1.45047866711997     
  0.600999991099040       0.300499995549520       -1.33298083198147     
  0.600999991099040       0.600999991099040       -1.11288004469872     
  0.600999991099040       0.901499986648560      -0.894067918216969     
  0.600999991099040        1.20199998219808      -0.706626628808472     
  0.600999991099040        1.50249997774760      -0.558652092757005     
  0.600999991099040        1.80299997329712      -0.445787411423082     
  0.600999991099040        2.10349996884664      -0.360607678372258     
  0.600999991099040        2.40399996439616      -0.296375745220097     
  0.600999991099040        2.70449995994568      -0.247988674542588     
  0.600999991099040        3.00499995549520      -0.215985697188774     
  0.600999991099040        3.30549995104472      -0.197896045119110     
  0.600999991099040        3.60599994659424      -0.183187573844518     
  0.600999991099040        3.90649994214376      -0.161030215150527     
  0.600999991099040        4.20699993769328      -0.137103234270623     
  0.600999991099040        4.50749993324280      -0.118383053408797     
  0.600999991099040        4.80799992879232      -0.105457006586280     
  0.600999991099040        5.10849992434184      -9.550761914008600E-002
  0.600999991099040        5.40899991989136      -8.812921948631525E-002
  0.600999991099040        5.70949991544088      -8.300523333806994E-002
  0.600999991099040        6.00999991099040      -7.916026616725459E-002
  0.600999991099040        6.31049990653992      -7.530557007289293E-002
  0.600999991099040        6.61099990208944      -7.024365230549458E-002
  0.600999991099040        6.91149989763896      -6.478306662292928E-002
  0.600999991099040        7.21199989318848      -6.158075986063336E-002
  0.901499986648560       0.000000000000000E+000  -1.09619665936985     
  0.901499986648560       0.300499995549520       -1.03274667324356     
  0.901499986648560       0.600999991099040      -0.894067555863276     
  0.901499986648560       0.901499986648560      -0.744290424149973     
  0.901499986648560        1.20199998219808      -0.609545333309336     
  0.901499986648560        1.50249997774760      -0.497326630346891     
  0.901499986648560        1.80299997329712      -0.407770130052970     
  0.901499986648560        2.10349996884664      -0.338025774263849     
  0.901499986648560        2.40399996439616      -0.284402930499329     
  0.901499986648560        2.70449995994568      -0.243896943291998     
  0.901499986648560        3.00499995549520      -0.215215415307227     
  0.901499986648560        3.30549995104472      -0.195505234480296     
  0.901499986648560        3.60599994659424      -0.178098809404806     
  0.901499986648560        3.90649994214376      -0.158014624432101     
  0.901499986648560        4.20699993769328      -0.137181835138098     
  0.901499986648560        4.50749993324280      -0.119707089679088     
  0.901499986648560        4.80799992879232      -0.106568512104979     
  0.901499986648560        5.10849992434184      -9.654945267289838E-002
  0.901499986648560        5.40899991989136      -8.895513459879838E-002
  0.901499986648560        5.70949991544088      -8.347426606002506E-002
  0.901499986648560        6.00999991099040      -7.913571706475801E-002
  0.901499986648560        6.31049990653992      -7.499012797261823E-002
  0.901499986648560        6.61099990208944      -7.045518334410998E-002
  0.901499986648560        6.91149989763896      -6.589292336155950E-002
  0.901499986648560        7.21199989318848      -6.200662876922826E-002
   1.20199998219808       0.000000000000000E+000 -0.821157232356804     
   1.20199998219808       0.300499995549520      -0.787787514670832     
   1.20199998219808       0.600999991099040      -0.706625386714530     
   1.20199998219808       0.901499986648560      -0.609544421424160     
   1.20199998219808        1.20199998219808      -0.516166770711551     
   1.20199998219808        1.50249997774760      -0.434514161086551     
   1.20199998219808        1.80299997329712      -0.366618556344811     
   1.20199998219808        2.10349996884664      -0.311652975744015     
   1.20199998219808        2.40399996439616      -0.268019794322112     
   1.20199998219808        2.70449995994568      -0.234202499483858     
   1.20199998219808        3.00499995549520      -0.208429821137646     
   1.20199998219808        3.30549995104472      -0.188286272923462     
   1.20199998219808        3.60599994659424      -0.170263554300723     
   1.20199998219808        3.90649994214376      -0.152036588751597     
   1.20199998219808        4.20699993769328      -0.134312163439369     
   1.20199998219808        4.50749993324280      -0.118953862324362     
   1.20199998219808        4.80799992879232      -0.106648842971050     
   1.20199998219808        5.10849992434184      -9.712180789440653E-002
   1.20199998219808        5.40899991989136      -8.973786009052365E-002
   1.20199998219808        5.70949991544088      -8.404576846815866E-002
   1.20199998219808        6.00999991099040      -7.934442030511699E-002
   1.20199998219808        6.31049990653992      -7.496999332227164E-002
   1.20199998219808        6.61099990208944      -7.058888593996902E-002
   1.20199998219808        6.91149989763896      -6.625646491632380E-002
   1.20199998219808        7.21199989318848      -6.213764007496249E-002
   1.50249997774760       0.000000000000000E+000 -0.624508554350111     
   1.50249997774760       0.300499995549520      -0.606088377977641     
   1.50249997774760       0.600999991099040      -0.558649319398877     
   1.50249997774760       0.901499986648560      -0.497324314802738     
   1.50249997774760        1.20199998219808      -0.434512823404211     
   1.50249997774760        1.50249997774760      -0.376894347176019     
   1.50249997774760        1.80299997329712      -0.326765671757341     
   1.50249997774760        2.10349996884664      -0.284383126435537     
   1.50249997774760        2.40399996439616      -0.249574529323572     
   1.50249997774760        2.70449995994568      -0.221496374646311     
   1.50249997774760        3.00499995549520      -0.198758628327485     
   1.50249997774760        3.30549995104472      -0.179617259847932     
   1.50249997774760        3.60599994659424      -0.162337874192682     
   1.50249997774760        3.90649994214376      -0.145943527269757     
   1.50249997774760        4.20699993769328      -0.130633857474546     
   1.50249997774760        4.50749993324280      -0.117172887305449     
   1.50249997774760        4.80799992879232      -0.106049878615399     
   1.50249997774760        5.10849992434184      -9.720476742381172E-002
   1.50249997774760        5.40899991989136      -9.018679073057094E-002
   1.50249997774760        5.70949991544088      -8.445348402866361E-002
   1.50249997774760        6.00999991099040      -7.949379258480198E-002
   1.50249997774760        6.31049990653992      -7.487498674777085E-002
   1.50249997774760        6.61099990208944      -7.039712414357353E-002
   1.50249997774760        6.91149989763896      -6.605376525809564E-002
   1.50249997774760        7.21199989318848      -6.189844320999273E-002
   1.80299997329712       0.000000000000000E+000 -0.484032623749905     
   1.80299997329712       0.300499995549520      -0.473637935530981     
   1.80299997329712       0.600999991099040      -0.445783247357283     
   1.80299997329712       0.901499986648560      -0.407766513698409     
   1.80299997329712        1.20199998219808      -0.366615927236116     
   1.80299997329712        1.50249997774760      -0.326764318349178     
   1.80299997329712        1.80299997329712      -0.290268191716027     
   1.80299997329712        2.10349996884664      -0.258218353466900     
   1.80299997329712        2.40399996439616      -0.230870356646431     
   1.80299997329712        2.70449995994568      -0.207798957958188     
   1.80299997329712        3.00499995549520      -0.188132943408843     
   1.80299997329712        3.30549995104472      -0.170836333548036     
   1.80299997329712        3.60599994659424      -0.155035670783473     
   1.80299997329712        3.90649994214376      -0.140327865547069     
   1.80299997329712        4.20699993769328      -0.126849592217408     
   1.80299997329712        4.50749993324280      -0.114995733173001     
   1.80299997329712        4.80799992879232      -0.105026476168725     
   1.80299997329712        5.10849992434184      -9.686423279006098E-002
   1.80299997329712        5.40899991989136      -9.014538464209186E-002
   1.80299997329712        5.70949991544088      -8.441449839888859E-002
   1.80299997329712        6.00999991099040      -7.929188053661772E-002
   1.80299997329712        6.31049990653992      -7.447532270085119E-002
   1.80299997329712        6.61099990208944      -6.987028328828246E-002
   1.80299997329712        6.91149989763896      -6.550531577413020E-002
   1.80299997329712        7.21199989318848      -6.140859410823057E-002
   2.10349996884664       0.000000000000000E+000 -0.381637714776434     
   2.10349996884664       0.300499995549520      -0.376111778087026     
   2.10349996884664       0.600999991099040      -0.360602827334363     
   2.10349996884664       0.901499986648560      -0.338021373350373     
   2.10349996884664        1.20199998219808      -0.311649342478426     
   2.10349996884664        1.50249997774760      -0.284380581719108     
   2.10349996884664        1.80299997329712      -0.258217089908083     
   2.10349996884664        2.10349996884664      -0.234273610083741     
   2.10349996884664        2.40399996439616      -0.212938627644863     
   2.10349996884664        2.70449995994568      -0.194079275516550     
   2.10349996884664        3.00499995549520      -0.177265043408309     
   2.10349996884664        3.30549995104472      -0.161993548592025     
   2.10349996884664        3.60599994659424      -0.147893141820871     
   2.10349996884664        3.90649994214376      -0.134851432439706     
   2.10349996884664        4.20699993769328      -0.123002285051328     
   2.10349996884664        4.50749993324280      -0.112564237826403     
   2.10349996884664        4.80799992879232      -0.103637140013488     
   2.10349996884664        5.10849992434184      -9.609490039319440E-002
   2.10349996884664        5.40899991989136      -8.962740808467917E-002
   2.10349996884664        5.70949991544088      -8.387967553882908E-002
   2.10349996884664        6.00999991099040      -7.858602633665991E-002
   2.10349996884664        6.31049990653992      -7.362234991257104E-002
   2.10349996884664        6.61099990208944      -6.897493957637997E-002
   2.10349996884664        6.91149989763896      -6.468094456063614E-002
   2.10349996884664        7.21199989318848      -6.076391800383567E-002
   2.40399996439616       0.000000000000000E+000 -0.304138600724221     
   2.40399996439616       0.300499995549520      -0.302485916051158     
   2.40399996439616       0.600999991099040      -0.296370588572881     
   2.40399996439616       0.901499986648560      -0.284397975256284     
   2.40399996439616        1.20199998219808      -0.268015389997277     
   2.40399996439616        1.50249997774760      -0.249571065954226     
   2.40399996439616        1.80299997329712      -0.230868080802439     
   2.40399996439616        2.10349996884664      -0.212937566016391     
   2.40399996439616        2.40399996439616      -0.196216182600334     
   2.40399996439616        2.70449995994568      -0.180768771576670     
   2.40399996439616        3.00499995549520      -0.166477702465172     
   2.40399996439616        3.30549995104472      -0.153190931995220     
   2.40399996439616        3.60599994659424      -0.140823515324716     
   2.40399996439616        3.90649994214376      -0.129403178082342     
   2.40399996439616        4.20699993769328      -0.119044088841195     
   2.40399996439616        4.50749993324280      -0.109855068886376     
   2.40399996439616        4.80799992879232      -0.101836219265884     
   2.40399996439616        5.10849992434184      -9.483503571209356E-002
   2.40399996439616        5.40899991989136      -8.859289943946276E-002
   2.40399996439616        5.70949991544088      -8.285000905257316E-002
   2.40399996439616        6.00999991099040      -7.744334770866954E-002
   2.40399996439616        6.31049990653992      -7.235049899091037E-002
   2.40399996439616        6.61099990208944      -6.767704241093855E-002
   2.40399996439616        6.91149989763896      -6.358064658884403E-002
   2.40399996439616        7.21199989318848      -6.006270158751036E-002
   2.70449995994568       0.000000000000000E+000 -0.245613858847380     
   2.70449995994568       0.300499995549520      -0.247059699622181     
   2.70449995994568       0.600999991099040      -0.247983268978288     
   2.70449995994568       0.901499986648560      -0.243891558451465     
   2.70449995994568        1.20199998219808      -0.234197566814808     
   2.70449995994568        1.50249997774760      -0.221492306190733     
   2.70449995994568        1.80299997329712      -0.207795989048540     
   2.70449995994568        2.10349996884664      -0.194077433698244     
   2.70449995994568        2.40399996439616      -0.180767935590664     
   2.70449995994568        2.70449995994568      -0.168038826355097     
   2.70449995994568        3.00499995549520      -0.155951755993847     
   2.70449995994568        3.30549995104472      -0.144540308796725     
   2.70449995994568        3.60599994659424      -0.133850824571206     
   2.70449995994568        3.90649994214376      -0.123954415599756     
   2.70449995994568        4.20699993769328      -0.114930020097548     
   2.70449995994568        4.50749993324280      -0.106817461987702     
   2.70449995994568        4.80799992879232      -9.956803072019084E-002
   2.70449995994568        5.10849992434184      -9.303324142615231E-002
   2.70449995994568        5.40899991989136      -8.700863034207013E-002
   2.70449995994568        5.70949991544088      -8.130992729356264E-002
   2.70449995994568        6.00999991099040      -7.583700455023250E-002
   2.70449995994568        6.31049990653992      -7.060550321042119E-002
   2.70449995994568        6.61099990208944      -6.586213312155589E-002
   2.70449995994568        6.91149989763896      -6.209800563182500E-002
   2.70449995994568        7.21199989318848      -5.930769202035768E-002
   3.00499995549520       0.000000000000000E+000 -0.205550107297624     
   3.00499995549520       0.300499995549520      -0.210169872408616     
   3.00499995549520       0.600999991099040      -0.215979977135172     
   3.00499995549520       0.901499986648560      -0.215209415570986     
   3.00499995549520        1.20199998219808      -0.208424428896438     
   3.00499995549520        1.50249997774760      -0.198754187287667     
   3.00499995549520        1.80299997329712      -0.188129559142460     
   3.00499995549520        2.10349996884664      -0.177262679034835     
   3.00499995549520        2.40399996439616      -0.166476238181081     
   3.00499995549520        2.70449995994568      -0.155951066844295     
   3.00499995549520        3.00499995549520      -0.145808996618026     
   3.00499995549520        3.30549995104472      -0.136141234839969     
   3.00499995549520        3.60599994659424      -0.127019158551885     
   3.00499995549520        3.90649994214376      -0.118501955986969     
   3.00499995549520        4.20699993769328      -0.110634997113773     
   3.00499995549520        4.50749993324280      -0.103426210417912     
   3.00499995549520        4.80799992879232      -9.681964577654295E-002
   3.00499995549520        5.10849992434184      -9.069493302591927E-002
   3.00499995549520        5.40899991989136      -8.490101934998047E-002
   3.00499995549520        5.70949991544088      -7.930429538668762E-002
   3.00499995549520        6.00999991099040      -7.380919287731830E-002
   3.00499995549520        6.31049990653992      -6.839549443199908E-002
   3.00499995549520        6.61099990208944      -6.357485538442022E-002
   3.00499995549520        6.91149989763896      -6.025017892096944E-002
   3.00499995549520        7.21199989318848      -5.854232186571075E-002
   3.30549995104472       0.000000000000000E+000 -0.186734320087837     
   3.30549995104472       0.300499995549520      -0.192626821802424     
   3.30549995104472       0.600999991099040      -0.197888851910767     
   3.30549995104472       0.901499986648560      -0.195497974263005     
   3.30549995104472        1.20199998219808      -0.188280226241772     
   3.30549995104472        1.50249997774760      -0.179612564877660     
   3.30549995104472        1.80299997329712      -0.170832732116019     
   3.30549995104472        2.10349996884664      -0.161990861387014     
   3.30549995104472        2.40399996439616      -0.153189009526893     
   3.30549995104472        2.70449995994568      -0.144539055188066     
   3.30549995104472        3.00499995549520      -0.136140616797706     
   3.30549995104472        3.30549995104472      -0.128066066290227     
   3.30549995104472        3.60599994659424      -0.120358095363611     
   3.30549995104472        3.90649994214376      -0.113044885602281     
   3.30549995104472        4.20699993769328      -0.106154622181145     
   3.30549995104472        4.50749993324280      -9.969586445170883E-002
   3.30549995104472        4.80799992879232      -9.363351053843727E-002
   3.30549995104472        5.10849992434184      -8.788832648870488E-002
   3.30549995104472        5.40899991989136      -8.235926562212359E-002
   3.30549995104472        5.70949991544088      -7.694904200397459E-002
   3.30549995104472        6.00999991099040      -7.153890440271878E-002
   3.30549995104472        6.31049990653992      -6.613504924796232E-002
   3.30549995104472        6.61099990208944      -6.135998335194006E-002
   3.30549995104472        6.91149989763896      -5.851587195065264E-002
   3.30549995104472        7.21199989318848      -5.774731249154900E-002
   3.60599994659424       0.000000000000000E+000 -0.180546295648244     
   3.60599994659424       0.300499995549520      -0.182204015130532     
   3.60599994659424       0.600999991099040      -0.183177703130547     
   3.60599994659424       0.901499986648560      -0.178089928534765     
   3.60599994659424        1.20199998219808      -0.170256841752916     
   3.60599994659424        1.50249997774760      -0.162333066370210     
   3.60599994659424        1.80299997329712      -0.155032026916846     
   3.60599994659424        2.10349996884664      -0.147890315235412     
   3.60599994659424        2.40399996439616      -0.140821314081707     
   3.60599994659424        2.70449995994568      -0.133849166621532     
   3.60599994659424        3.00499995549520      -0.127018047445742     
   3.60599994659424        3.30549995104472      -0.120357556613984     
   3.60599994659424        3.60599994659424      -0.113875927375461     
   3.60599994659424        3.90649994214376      -0.107581688009788     
   3.60599994659424        4.20699993769328      -0.101505927142618     
   3.60599994659424        4.50749993324280      -9.567767140329295E-002
   3.60599994659424        4.80799992879232      -9.009486434839439E-002
   3.60599994659424        5.10849992434184      -8.472096172444167E-002
   3.60599994659424        5.40899991989136      -7.950061406879221E-002
   3.60599994659424        5.70949991544088      -7.437785657557287E-002
   3.60599994659424        6.00999991099040      -6.927171824153464E-002
   3.60599994659424        6.31049990653992      -6.428571431367607E-002
   3.60599994659424        6.61099990208944      -6.008441428236365E-002
   3.60599994659424        6.91149989763896      -5.789161058033922E-002
   3.60599994659424        7.21199989318848      -5.661866462533598E-002
   3.90649994214376       0.000000000000000E+000 -0.150991363499884     
   3.90649994214376       0.300499995549520      -0.157077468459445     
   3.90649994214376       0.600999991099040      -0.161018626208858     
   3.90649994214376       0.901499986648560      -0.158005059051343     
   3.90649994214376        1.20199998219808      -0.152029886760110     
   3.90649994214376        1.50249997774760      -0.145938924123094     
   3.90649994214376        1.80299997329712      -0.140324409944549     
   3.90649994214376        2.10349996884664      -0.134848696881763     
   3.90649994214376        2.40399996439616      -0.129400944557272     
   3.90649994214376        2.70449995994568      -0.123952603620232     
   3.90649994214376        3.00499995549520      -0.118500582729135     
   3.90649994214376        3.30549995104472      -0.113043997380685     
   3.90649994214376        3.60599994659424      -0.107581283908808     
   3.90649994214376        3.90649994214376      -0.102128678389980     
   3.90649994214376        4.20699993769328      -9.673392301191208E-002
   3.90649994214376        4.50749993324280      -9.145110162646623E-002
   3.90649994214376        4.80799992879232      -8.630958436811056E-002
   3.90649994214376        5.10849992434184      -8.130776953002473E-002
   3.90649994214376        5.40899991989136      -7.642822252821704E-002
   3.90649994214376        5.70949991544088      -7.166259754026769E-002
   3.90649994214376        6.00999991099040      -6.702406531950023E-002
   3.90649994214376        6.31049990653992      -6.270796589690661E-002
   3.90649994214376        6.61099990208944      -5.932024400437103E-002
   3.90649994214376        6.91149989763896      -5.733808780490217E-002
   3.90649994214376        7.21199989318848      -5.513441972629090E-002
   4.20699993769328       0.000000000000000E+000 -0.129238241291963     
   4.20699993769328       0.300499995549520      -0.132773983444485     
   4.20699993769328       0.600999991099040      -0.137092537457996     
   4.20699993769328       0.901499986648560      -0.137173423202764     
   4.20699993769328        1.20199998219808      -0.134306467933948     
   4.20699993769328        1.50249997774760      -0.130629882691469     
   4.20699993769328        1.80299997329712      -0.126846623626055     
   4.20699993769328        2.10349996884664      -0.122999939137512     
   4.20699993769328        2.40399996439616      -0.119042149386449     
   4.20699993769328        2.70449995994568      -0.114928395778377     
   4.20699993769328        3.00499995549520      -0.110633688931642     
   4.20699993769328        3.30549995104472      -0.106153664499325     
   4.20699993769328        3.60599994659424      -0.101505326957363     
   4.20699993769328        3.90649994214376      -9.673364331346615E-002
   4.20699993769328        4.20699993769328      -9.191015879668586E-002
   4.20699993769328        4.50749993324280      -8.710962583727798E-002
   4.20699993769328        4.80799992879232      -8.238240112715119E-002
   4.20699993769328        5.10849992434184      -7.774808984533779E-002
   4.20699993769328        5.40899991989136      -7.321385414942558E-002
   4.20699993769328        5.70949991544088      -6.880667603245297E-002
   4.20699993769328        6.00999991099040      -6.460792079360117E-002
   4.20699993769328        6.31049990653992      -6.081863813469306E-002
   4.20699993769328        6.61099990208944      -5.780546080393032E-002
   4.20699993769328        6.91149989763896      -5.555778941580830E-002
   4.20699993769328        7.21199989318848      -5.309712499205482E-002
   4.50749993324280       0.000000000000000E+000 -0.113685537575724     
   4.50749993324280       0.300499995549520      -0.115414552468138     
   4.50749993324280       0.600999991099040      -0.118375251278772     
   4.50749993324280       0.901499986648560      -0.119701143236629     
   4.50749993324280        1.20199998219808      -0.118949656995168     
   4.50749993324280        1.50249997774760      -0.117169888600651     
   4.50749993324280        1.80299997329712      -0.114993557755380     
   4.50749993324280        2.10349996884664      -0.112562606914405     
   4.50749993324280        2.40399996439616      -0.109853782655286     
   4.50749993324280        2.70449995994568      -0.106816400939167     
   4.50749993324280        3.00499995549520      -0.103425323961934     
   4.50749993324280        3.30549995104472      -9.969513507583341E-002
   4.50749993324280        3.60599994659424      -9.567708175161481E-002
   4.50749993324280        3.90649994214376      -9.145063957428445E-002
   4.50749993324280        4.20699993769328      -8.710932878983028E-002
   4.50749993324280        4.50749993324280      -8.273942093576403E-002
   4.50749993324280        4.80799992879232      -7.839903091531156E-002
   4.50749993324280        5.10849992434184      -7.411550361995907E-002
   4.50749993324280        5.40899991989136      -6.990684149698763E-002
   4.50749993324280        5.70949991544088      -6.581423035920676E-002
   4.50749993324280        6.00999991099040      -6.192790476960518E-002
   4.50749993324280        6.31049990653992      -5.839745020087422E-002
   4.50749993324280        6.61099990208944      -5.538000517807337E-002
   4.50749993324280        6.91149989763896      -5.276781729974347E-002
   4.50749993324280        7.21199989318848      -5.007705233791360E-002
   4.80799992879232       0.000000000000000E+000 -0.102601108418278     
   4.80799992879232       0.300499995549520      -0.103566237052317     
   4.80799992879232       0.600999991099040      -0.105452573426677     
   4.80799992879232       0.901499986648560      -0.106564965454274     
   4.80799992879232        1.20199998219808      -0.106646201187809     
   4.80799992879232        1.50249997774760      -0.106048052732307     
   4.80799992879232        1.80299997329712      -0.105025327333502     
   4.80799992879232        2.10349996884664      -0.103636495574423     
   4.80799992879232        2.40399996439616      -0.101835894941276     
   4.80799992879232        2.70449995994568      -9.956785790302419E-002
   4.80799992879232        3.00499995549520      -9.681948436776336E-002
   4.80799992879232        3.30549995104472      -9.363324760180537E-002
   4.80799992879232        3.60599994659424      -9.009442227171714E-002
   4.80799992879232        3.90649994214376      -8.630895640895202E-002
   4.80799992879232        4.20699993769328      -8.238169925315815E-002
   4.80799992879232        4.50749993324280      -7.839850549352019E-002
   4.80799992879232        4.80799992879232      -7.441427331819347E-002
   4.80799992879232        5.10849992434184      -7.045606707017442E-002
   4.80799992879232        5.40899991989136      -6.654492740672210E-002
   4.80799992879232        5.70949991544088      -6.272223288638561E-002
   4.80799992879232        6.00999991099040      -5.906140208048246E-002
   4.80799992879232        6.31049990653992      -5.565302342849739E-002
   4.80799992879232        6.61099990208944      -5.255593913833170E-002
   4.80799992879232        6.91149989763896      -4.971390120283679E-002
   4.80799992879232        7.21199989318848      -4.694249438105101E-002
   5.10849992434184       0.000000000000000E+000 -9.402755421919728E-002
   5.10849992434184       0.300499995549520      -9.450339973189471E-002
   5.10849992434184       0.600999991099040      -9.550588726702168E-002
   5.10849992434184       0.901499986648560      -9.654791080611151E-002
   5.10849992434184        1.20199998219808      -9.712065592414458E-002
   5.10849992434184        1.50249997774760      -9.720415591166313E-002
   5.10849992434184        1.80299997329712      -9.686420465692175E-002
   5.10849992434184        2.10349996884664      -9.609538128842228E-002
   5.10849992434184        2.40399996439616      -9.483585500331601E-002
   5.10849992434184        2.70449995994568      -9.303416523838498E-002
   5.10849992434184        3.00499995549520      -9.069569669458863E-002
   5.10849992434184        3.30549995104472      -8.788867506714694E-002
   5.10849992434184        3.60599994659424      -8.472071625502094E-002
   5.10849992434184        3.90649994214376      -8.130690989728886E-002
   5.10849992434184        4.20699993769328      -7.774680824665026E-002
   5.10849992434184        4.50749993324280      -7.411418483992009E-002
   5.10849992434184        4.80799992879232      -7.045519124217689E-002
   5.10849992434184        5.10849992434184      -6.679567704888244E-002
   5.10849992434184        5.40899991989136      -6.315830760699541E-002
   5.10849992434184        5.70949991544088      -5.957901072062676E-002
   5.10849992434184        6.00999991099040      -5.610837662404486E-002
   5.10849992434184        6.31049990653992      -5.279510961217160E-002
   5.10849992434184        6.61099990208944      -4.966788907958328E-002
   5.10849992434184        6.91149989763896      -4.674773853127145E-002
   5.10849992434184        7.21199989318848      -4.400680217418446E-002
   5.40899991989136       0.000000000000000E+000 -8.726226629629630E-002
   5.40899991989136       0.300499995549520      -8.748601185355546E-002
   5.40899991989136       0.600999991099040      -8.812949593774126E-002
   5.40899991989136       0.901499986648560      -8.895527111172261E-002
   5.40899991989136        1.20199998219808      -8.973802384219116E-002
   5.40899991989136        1.50249997774760      -9.018726839330164E-002
   5.40899991989136        1.80299997329712      -9.014639341543532E-002
   5.40899991989136        2.10349996884664      -8.962897784390356E-002
   5.40899991989136        2.40399996439616      -8.859488346453435E-002
   5.40899991989136        2.70449995994568      -8.701072981062706E-002
   5.40899991989136        3.00499995549520      -8.490281893146694E-002
   5.40899991989136        3.30549995104472      -8.236031108446336E-002
   5.40899991989136        3.60599994659424      -7.950056372819453E-002
   5.40899991989136        3.90649994214376      -7.642702239824262E-002
   5.40899991989136        4.20699993769328      -7.321180604320142E-002
   5.40899991989136        4.50749993324280      -6.990450650485633E-002
   5.40899991989136        4.80799992879232      -6.654293854939591E-002
   5.40899991989136        5.10849992434184      -6.315718180714730E-002
   5.40899991989136        5.40899991989136      -5.977490186128531E-002
   5.40899991989136        5.70949991544088      -5.642571248960213E-002
   5.40899991989136        6.00999991099040      -5.313321859485058E-002
   5.40899991989136        6.31049990653992      -4.991763241844636E-002
   5.40899991989136        6.61099990208944      -4.682799443163414E-002
   5.40899991989136        6.91149989763896      -4.392515595578870E-002
   5.40899991989136        7.21199989318848      -4.127897724143118E-002
   5.70949991544088       0.000000000000000E+000 -8.271527609619858E-002
   5.70949991544088       0.300499995549520      -8.276975968114368E-002
   5.70949991544088       0.600999991099040      -8.300655127037021E-002
   5.70949991544088       0.901499986648560      -8.347538325611487E-002
   5.70949991544088        1.20199998219808      -8.404682978340909E-002
   5.70949991544088        1.50249997774760      -8.445475135319082E-002
   5.70949991544088        1.80299997329712      -8.441628291286951E-002
   5.70949991544088        2.10349996884664      -8.388212600403855E-002
   5.70949991544088        2.40399996439616      -8.285303350641542E-002
   5.70949991544088        2.70449995994568      -8.131320027932798E-002
   5.70949991544088        3.00499995549520      -7.930724907116742E-002
   5.70949991544088        3.30549995104472      -7.695092550142150E-002
   5.70949991544088        3.60599994659424      -7.437801870698217E-002
   5.70949991544088        3.90649994214376      -7.166091488162835E-002
   5.70949991544088        4.20699993769328      -6.880366915141356E-002
   5.70949991544088        4.50749993324280      -6.581074477112435E-002
   5.70949991544088        4.80799992879232      -6.271907943903372E-002
   5.70949991544088        5.10849992434184      -5.957676728310802E-002
   5.70949991544088        5.40899991989136      -5.642463290919165E-002
   5.70949991544088        5.70949991544088      -5.328901816897726E-002
   5.70949991544088        6.00999991099040      -5.015990339954936E-002
   5.70949991544088        6.31049990653992      -4.704160384206026E-002
   5.70949991544088        6.61099990208944      -4.398783507611345E-002
   5.70949991544088        6.91149989763896      -4.111282254734933E-002
   5.70949991544088        7.21199989318848      -3.856403983962418E-002
   6.00999991099040       0.000000000000000E+000 -7.971857889942184E-002
   6.00999991099040       0.300499995549520      -7.949023229560395E-002
   6.00999991099040       0.600999991099040      -7.916161797668256E-002
   6.00999991099040       0.901499986648560      -7.913700891384835E-002
   6.00999991099040        1.20199998219808      -7.934574592961939E-002
   6.00999991099040        1.50249997774760      -7.949539304807618E-002
   6.00999991099040        1.80299997329712      -7.929404439275888E-002
   6.00999991099040        2.10349996884664      -7.858901035454836E-002
   6.00999991099040        2.40399996439616      -7.744717826925138E-002
   6.00999991099040        2.70449995994568      -7.584146218779621E-002
   6.00999991099040        3.00499995549520      -7.381366110440309E-002
   6.00999991099040        3.30549995104472      -7.154212980330195E-002
   6.00999991099040        3.60599994659424      -6.927221981911488E-002
   6.00999991099040        3.90649994214376      -6.702154766420064E-002
   6.00999991099040        4.20699993769328      -6.460357215308171E-002
   6.00999991099040        4.50749993324280      -6.192315807282397E-002
   6.00999991099040        4.80799992879232      -5.905721557223693E-002
   6.00999991099040        5.10849992434184      -5.610527413184278E-002
   6.00999991099040        5.40899991989136      -5.313136974942793E-002
   6.00999991099040        5.70949991544088      -5.015913567665709E-002
   6.00999991099040        6.00999991099040      -4.714999375416672E-002
   6.00999991099040        6.31049990653992      -4.407616022827814E-002
   6.00999991099040        6.61099990208944      -4.098530137434535E-002
   6.00999991099040        6.91149989763896      -3.806240469808716E-002
   6.00999991099040        7.21199989318848      -3.559180268385935E-002
   6.31049990653992       0.000000000000000E+000 -7.694374312823256E-002
   6.31049990653992       0.300499995549520      -7.623722711038444E-002
   6.31049990653992       0.600999991099040      -7.530637705482245E-002
   6.31049990653992       0.901499986648560      -7.499108950946397E-002
   6.31049990653992        1.20199998219808      -7.497108019082792E-002
   6.31049990653992        1.50249997774760      -7.487643636889271E-002
   6.31049990653992        1.80299997329712      -7.447741961529028E-002
   6.31049990653992        2.10349996884664      -7.362540850077856E-002
   6.31049990653992        2.40399996439616      -7.235477823444691E-002
   6.31049990653992        2.70449995994568      -7.061122873594147E-002
   6.31049990653992        3.00499995549520      -6.840216995008157E-002
   6.31049990653992        3.30549995104472      -6.614030010455940E-002
   6.31049990653992        3.60599994659424      -6.428657415793297E-002
   6.31049990653992        3.90649994214376      -6.270394162195203E-002
   6.31049990653992        4.20699993769328      -6.081214806015604E-002
   6.31049990653992        4.50749993324280      -5.839120899368816E-002
   6.31049990653992        4.80799992879232      -5.564809300477802E-002
   6.31049990653992        5.10849992434184      -5.279159827393772E-002
   6.31049990653992        5.40899991989136      -4.991543581536739E-002
   6.31049990653992        5.70949991544088      -4.704046974699893E-002
   6.31049990653992        6.00999991099040      -4.407578092444148E-002
   6.31049990653992        6.31049990653992      -4.093006502384906E-002
   6.31049990653992        6.61099990208944      -3.761870850952671E-002
   6.31049990653992        6.91149989763896      -3.445041785570857E-002
   6.31049990653992        7.21199989318848      -3.200571919560312E-002
   6.61099990208944       0.000000000000000E+000 -7.281840748309365E-002
   6.61099990208944       0.300499995549520      -7.121901399347311E-002
   6.61099990208944       0.600999991099040      -7.024437379935432E-002
   6.61099990208944       0.901499986648560      -7.045584887840980E-002
   6.61099990208944        1.20199998219808      -7.058955322564137E-002
   6.61099990208944        1.50249997774760      -7.039811750343510E-002
   6.61099990208944        1.80299997329712      -6.987189299174437E-002
   6.61099990208944        2.10349996884664      -6.897751222173369E-002
   6.61099990208944        2.40399996439616      -6.768112990724683E-002
   6.61099990208944        2.70449995994568      -6.586852920881599E-002
   6.61099990208944        3.00499995549520      -6.358322828759211E-002
   6.61099990208944        3.30549995104472      -6.136724095312385E-002
   6.61099990208944        3.60599994659424      -6.008520694663213E-002
   6.61099990208944        3.90649994214376      -5.931409404552429E-002
   6.61099990208944        4.20699993769328      -5.779699515455936E-002
   6.61099990208944        4.50749993324280      -5.537261032975126E-002
   6.61099990208944        4.80799992879232      -5.255082463366577E-002
   6.61099990208944        5.10849992434184      -4.966455336517456E-002
   6.61099990208944        5.40899991989136      -4.682591211660124E-002
   6.61099990208944        5.70949991544088      -4.398671620218463E-002
   6.61099990208944        6.00999991099040      -4.098484215762408E-002
   6.61099990208944        6.31049990653992      -3.761850737810279E-002
   6.61099990208944        6.61099990208944      -3.381129404992111E-002
   6.61099990208944        6.91149989763896      -3.007461594930073E-002
   6.61099990208944        7.21199989318848      -2.760512495670533E-002
   6.91149989763896       0.000000000000000E+000 -6.754800946947735E-002
   6.91149989763896       0.300499995549520      -6.481452261238482E-002
   6.91149989763896       0.600999991099040      -6.478435573020173E-002
   6.91149989763896       0.901499986648560      -6.589345060286915E-002
   6.91149989763896        1.20199998219808      -6.625678614542604E-002
   6.91149989763896        1.50249997774760      -6.605423484922411E-002
   6.91149989763896        1.80299997329712      -6.550615434167235E-002
   6.91149989763896        2.10349996884664      -6.468244724166249E-002
   6.91149989763896        2.40399996439616      -6.358340611582362E-002
   6.91149989763896        2.70449995994568      -6.210284863264810E-002
   6.91149989763896        3.00499995549520      -6.025726996154308E-002
   6.91149989763896        3.30549995104472      -5.852274890441324E-002
   6.91149989763896        3.60599994659424      -5.789143067074421E-002
   6.91149989763896        3.90649994214376      -5.733095812218157E-002
   6.91149989763896        4.20699993769328      -5.554985165049953E-002
   6.91149989763896        4.50749993324280      -5.276146773151376E-002
   6.91149989763896        4.80799992879232      -4.970972066603527E-002
   6.91149989763896        5.10849992434184      -4.674522719030154E-002
   6.91149989763896        5.40899991989136      -4.392360632998936E-002
   6.91149989763896        5.70949991544088      -4.111197058025722E-002
   6.91149989763896        6.00999991099040      -3.806194370573309E-002
   6.91149989763896        6.31049990653992      -3.444979282801507E-002
   6.91149989763896        6.61099990208944      -3.007355520324810E-002
   6.91149989763896        6.91149989763896      -2.583661720422701E-002
   6.91149989763896        7.21199989318848      -2.348614399489967E-002
   7.21199989318848       0.000000000000000E+000 -6.265712278717925E-002
   7.21199989318848       0.300499995549520      -6.212007857669129E-002
   7.21199989318848       0.600999991099040      -6.158115313385421E-002
   7.21199989318848       0.901499986648560      -6.200690527176841E-002
   7.21199989318848        1.20199998219808      -6.213783259996800E-002
   7.21199989318848        1.50249997774760      -6.189852239846435E-002
   7.21199989318848        1.80299997329712      -6.140859443181955E-002
   7.21199989318848        2.10349996884664      -6.076395488738030E-002
   7.21199989318848        2.40399996439616      -6.006296425253949E-002
   7.21199989318848        2.70449995994568      -5.930834686562067E-002
   7.21199989318848        3.00499995549520      -5.854298411350480E-002
   7.21199989318848        3.30549995104472      -5.774713960680133E-002
   7.21199989318848        3.60599994659424      -5.661758214365383E-002
   7.21199989318848        3.90649994214376      -5.513219452163821E-002
   7.21199989318848        4.20699993769328      -5.309434633259016E-002
   7.21199989318848        4.50749993324280      -5.007445231471512E-002
   7.21199989318848        4.80799992879232      -4.694060112199858E-002
   7.21199989318848        5.10849992434184      -4.400565440505891E-002
   7.21199989318848        5.40899991989136      -4.127823647522515E-002
   7.21199989318848        5.70949991544088      -3.856357245938352E-002
   7.21199989318848        6.00999991099040      -3.559134640002305E-002
   7.21199989318848        6.31049990653992      -3.200463664452477E-002
   7.21199989318848        6.61099990208944      -2.760283049335594E-002
   7.21199989318848        6.91149989763896      -2.348441487326096E-002
   7.21199989318848        7.21199989318848      -2.161880947685907E-002
