  0.000000000000000E+000  0.000000000000000E+000 -0.484032623749907     
  0.000000000000000E+000  0.300499995549520      -0.426131079426523     
  0.000000000000000E+000  0.600999991099040      -0.362006789616664     
  0.000000000000000E+000  0.901499986648560      -0.314635419808397     
  0.000000000000000E+000   1.20199998219808      -0.281931250336878     
  0.000000000000000E+000   1.50249997774760      -0.256766730339830     
  0.000000000000000E+000   1.80299997329712      -0.234391023264386     
  0.000000000000000E+000   2.10349996884664      -0.212564052310980     
  0.000000000000000E+000   2.40399996439616      -0.190648147959071     
  0.000000000000000E+000   2.70449995994568      -0.170132748921263     
  0.000000000000000E+000   3.00499995549520      -0.153842212758308     
  0.000000000000000E+000   3.30549995104472      -0.146925264597883     
  0.000000000000000E+000   3.60599994659424      -0.144184409255483     
  0.000000000000000E+000   3.90649994214376      -0.129660443390467     
  0.000000000000000E+000   4.20699993769328      -0.116435515688952     
  0.000000000000000E+000   4.50749993324280      -0.103411815528264     
  0.000000000000000E+000   4.80799992879232      -9.267927545149619E-002
  0.000000000000000E+000   5.10849992434184      -8.428656810290958E-002
  0.000000000000000E+000   5.40899991989136      -7.804549681696939E-002
  0.000000000000000E+000   5.70949991544088      -7.411921439996061E-002
  0.000000000000000E+000   6.00999991099040      -7.207052577893898E-002
  0.000000000000000E+000   6.31049990653992      -7.103268952076236E-002
  0.000000000000000E+000   6.61099990208944      -6.964877373039498E-002
  0.000000000000000E+000   6.91149989763896      -6.630909787721008E-002
  0.000000000000000E+000   7.21199989318848      -6.140137670347789E-002
  0.300499995549520       0.000000000000000E+000 -0.533474477131435     
  0.300499995549520       0.300499995549520      -0.460770416941116     
  0.300499995549520       0.600999991099040      -0.393987763783716     
  0.300499995549520       0.901499986648560      -0.348245586319427     
  0.300499995549520        1.20199998219808      -0.312903141007929     
  0.300499995549520        1.50249997774760      -0.283252987874188     
  0.300499995549520        1.80299997329712      -0.256281199468823     
  0.300499995549520        2.10349996884664      -0.230415072826017     
  0.300499995549520        2.40399996439616      -0.205615694111478     
  0.300499995549520        2.70449995994568      -0.183184776711626     
  0.300499995549520        3.00499995549520      -0.165249612239170     
  0.300499995549520        3.30549995104472      -0.155665558626531     
  0.300499995549520        3.60599994659424      -0.150159349582276     
  0.300499995549520        3.90649994214376      -0.136739175581654     
  0.300499995549520        4.20699993769328      -0.121425376138459     
  0.300499995549520        4.50749993324280      -0.107491549864332     
  0.300499995549520        4.80799992879232      -9.629140676460950E-002
  0.300499995549520        5.10849992434184      -8.738823851522790E-002
  0.300499995549520        5.40899991989136      -8.064147520055476E-002
  0.300499995549520        5.70949991544088      -7.617868980207061E-002
  0.300499995549520        6.00999991099040      -7.341673362157627E-002
  0.300499995549520        6.31049990653992      -7.136329925842273E-002
  0.300499995549520        6.61099990208944      -6.843675398446025E-002
  0.300499995549520        6.91149989763896      -6.382690910285041E-002
  0.300499995549520        7.21199989318848      -6.020731480690467E-002
  0.600999991099040       0.000000000000000E+000 -0.550972289781372     
  0.600999991099040       0.300499995549520      -0.507468126114620     
  0.600999991099040       0.600999991099040      -0.440894906888633     
  0.600999991099040       0.901499986648560      -0.388166925413616     
  0.600999991099040        1.20199998219808      -0.345649949138136     
  0.600999991099040        1.50249997774760      -0.309222041660928     
  0.600999991099040        1.80299997329712      -0.276602853416187     
  0.600999991099040        2.10349996884664      -0.246697507365816     
  0.600999991099040        2.40399996439616      -0.219879596076196     
  0.600999991099040        2.70449995994568      -0.196812135148147     
  0.600999991099040        3.00499995549520      -0.178171531197149     
  0.600999991099040        3.30549995104472      -0.165245792306515     
  0.600999991099040        3.60599994659424      -0.154910400966628     
  0.600999991099040        3.90649994214376      -0.141347250488064     
  0.600999991099040        4.20699993769328      -0.125661881667042     
  0.600999991099040        4.50749993324280      -0.111332647068278     
  0.600999991099040        4.80799992879232      -9.986485901908795E-002
  0.600999991099040        5.10849992434184      -9.048547236004995E-002
  0.600999991099040        5.40899991989136      -8.327700146573655E-002
  0.600999991099040        5.70949991544088      -7.813959848946751E-002
  0.600999991099040        6.00999991099040      -7.442838455698195E-002
  0.600999991099040        6.31049990653992      -7.117892204552179E-002
  0.600999991099040        6.61099990208944      -6.722709974342496E-002
  0.600999991099040        6.91149989763896      -6.242731179329050E-002
  0.600999991099040        7.21199989318848      -5.847728555112904E-002
  0.901499986648560       0.000000000000000E+000 -0.566547831035755     
  0.901499986648560       0.300499995549520      -0.539716615812794     
  0.901499986648560       0.600999991099040      -0.483392567981601     
  0.901499986648560       0.901499986648560      -0.426169808615065     
  0.901499986648560        1.20199998219808      -0.375823523241951     
  0.901499986648560        1.50249997774760      -0.332032580285187     
  0.901499986648560        1.80299997329712      -0.293625181755543     
  0.901499986648560        2.10349996884664      -0.259939636611736     
  0.901499986648560        2.40399996439616      -0.231555356405350     
  0.901499986648560        2.70449995994568      -0.207742675046158     
  0.901499986648560        3.00499995549520      -0.187979204433472     
  0.901499986648560        3.30549995104472      -0.171972030036566     
  0.901499986648560        3.60599994659424      -0.157832195039559     
  0.901499986648560        3.90649994214376      -0.143127093812464     
  0.901499986648560        4.20699993769328      -0.127971146120732     
  0.901499986648560        4.50749993324280      -0.114190586419333     
  0.901499986648560        4.80799992879232      -0.102778081013081     
  0.901499986648560        5.10849992434184      -9.337299290541025E-002
  0.901499986648560        5.40899991989136      -8.578937985442193E-002
  0.901499986648560        5.70949991544088      -8.002837187194077E-002
  0.901499986648560        6.00999991099040      -7.545345487785746E-002
  0.901499986648560        6.31049990653992      -7.132792578675126E-002
  0.901499986648560        6.61099990208944      -6.700265151286530E-002
  0.901499986648560        6.91149989763896      -6.239870459328207E-002
  0.901499986648560        7.21199989318848      -5.812746806627876E-002
   1.20199998219808       0.000000000000000E+000 -0.576029540479070     
   1.20199998219808       0.300499995549520      -0.556996517165679     
   1.20199998219808       0.600999991099040      -0.509982374993166     
   1.20199998219808       0.901499986648560      -0.453548304510582     
   1.20199998219808        1.20199998219808      -0.398629635811314     
   1.20199998219808        1.50249997774760      -0.349117264238008     
   1.20199998219808        1.80299997329712      -0.305883889441518     
   1.20199998219808        2.10349996884664      -0.269544874877394     
   1.20199998219808        2.40399996439616      -0.239744753983316     
   1.20199998219808        2.70449995994568      -0.214803456305073     
   1.20199998219808        3.00499995549520      -0.193723061123464     
   1.20199998219808        3.30549995104472      -0.175670132851280     
   1.20199998219808        3.60599994659424      -0.159424614093490     
   1.20199998219808        3.90649994214376      -0.143940734095951     
   1.20199998219808        4.20699993769328      -0.129267128927676     
   1.20199998219808        4.50749993324280      -0.116190685069229     
   1.20199998219808        4.80799992879232      -0.105071600137414     
   1.20199998219808        5.10849992434184      -9.579514453910085E-002
   1.20199998219808        5.40899991989136      -8.808490813157709E-002
   1.20199998219808        5.70949991544088      -8.180776856547316E-002
   1.20199998219808        6.00999991099040      -7.652391110962893E-002
   1.20199998219808        6.31049990653992      -7.171959481311173E-002
   1.20199998219808        6.61099990208944      -6.703158921268404E-002
   1.20199998219808        6.91149989763896      -6.238499295540954E-002
   1.20199998219808        7.21199989318848      -5.799453617250725E-002
   1.50249997774760       0.000000000000000E+000 -0.576998028226681     
   1.50249997774760       0.300499995549520      -0.561602101527896     
   1.50249997774760       0.600999991099040      -0.521033310099767     
   1.50249997774760       0.901499986648560      -0.467409806992166     
   1.50249997774760        1.20199998219808      -0.411142119260436     
   1.50249997774760        1.50249997774760      -0.358338215805977     
   1.50249997774760        1.80299997329712      -0.312441665645319     
   1.50249997774760        2.10349996884664      -0.274979216981755     
   1.50249997774760        2.40399996439616      -0.244086205932183     
   1.50249997774760        2.70449995994568      -0.218251114338312     
   1.50249997774760        3.00499995549520      -0.196319500163001     
   1.50249997774760        3.30549995104472      -0.177268148319849     
   1.50249997774760        3.60599994659424      -0.160201010896378     
   1.50249997774760        3.90649994214376      -0.144563534660618     
   1.50249997774760        4.20699993769328      -0.130319255708441     
   1.50249997774760        4.50749993324280      -0.117719852557633     
   1.50249997774760        4.80799992879232      -0.106908544151755     
   1.50249997774760        5.10849992434184      -9.777161997469565E-002
   1.50249997774760        5.40899991989136      -9.002885298133988E-002
   1.50249997774760        5.70949991544088      -8.338418794657269E-002
   1.50249997774760        6.00999991099040      -7.754095045690734E-002
   1.50249997774760        6.31049990653992      -7.218548852299511E-002
   1.50249997774760        6.61099990208944      -6.712976885874533E-002
   1.50249997774760        6.91149989763896      -6.233702715809537E-002
   1.50249997774760        7.21199989318848      -5.788770347056274E-002
   1.80299997329712       0.000000000000000E+000 -0.568342455452790     
   1.80299997329712       0.300499995549520      -0.555025346675989     
   1.80299997329712       0.600999991099040      -0.517944200676780     
   1.80299997329712       0.901499986648560      -0.467065793523058     
   1.80299997329712        1.20199998219808      -0.411293814295394     
   1.80299997329712        1.50249997774760      -0.358441501381258     
   1.80299997329712        1.80299997329712      -0.313506493847739     
   1.80299997329712        2.10349996884664      -0.275833260195047     
   1.80299997329712        2.40399996439616      -0.244425349778360     
   1.80299997329712        2.70449995994568      -0.218274080821302     
   1.80299997329712        3.00499995549520      -0.196243287378313     
   1.80299997329712        3.30549995104472      -0.177193256085960     
   1.80299997329712        3.60599994659424      -0.160221229387534     
   1.80299997329712        3.90649994214376      -0.144847437069833     
   1.80299997329712        4.20699993769328      -0.131004868138671     
   1.80299997329712        4.50749993324280      -0.118813247568562     
   1.80299997329712        4.80799992879232      -0.108307392409056     
   1.80299997329712        5.10849992434184      -9.931717771777350E-002
   1.80299997329712        5.40899991989136      -9.153164100356459E-002
   1.80299997329712        5.70949991544088      -8.463479362803017E-002
   1.80299997329712        6.00999991099040      -7.838275242612952E-002
   1.80299997329712        6.31049990653992      -7.260345807536731E-002
   1.80299997329712        6.61099990208944      -6.724007890337125E-002
   1.80299997329712        6.91149989763896      -6.230089693880172E-002
   1.80299997329712        7.21199989318848      -5.782129135780352E-002
   2.10349996884664       0.000000000000000E+000 -0.551478048753286     
   2.10349996884664       0.300499995549520      -0.537598304816053     
   2.10349996884664       0.600999991099040      -0.501693599140138     
   2.10349996884664       0.901499986648560      -0.451972224619840     
   2.10349996884664        1.20199998219808      -0.400385486375429     
   2.10349996884664        1.50249997774760      -0.352090300738644     
   2.10349996884664        1.80299997329712      -0.309035361329210     
   2.10349996884664        2.10349996884664      -0.271941336663795     
   2.10349996884664        2.40399996439616      -0.240845671671535     
   2.10349996884664        2.70449995994568      -0.215148962130167     
   2.10349996884664        3.00499995549520      -0.193748686821218     
   2.10349996884664        3.30549995104472      -0.175393726521862     
   2.10349996884664        3.60599994659424      -0.159091196532434     
   2.10349996884664        3.90649994214376      -0.144335371809316     
   2.10349996884664        4.20699993769328      -0.131051512300195     
   2.10349996884664        4.50749993324280      -0.119333934304232     
   2.10349996884664        4.80799992879232      -0.109176968333989     
   2.10349996884664        5.10849992434184      -0.100369141076245     
   2.10349996884664        5.40899991989136      -9.257524556054164E-002
   2.10349996884664        5.70949991544088      -8.549227182580527E-002
   2.10349996884664        6.00999991099040      -7.894527932110089E-002
   2.10349996884664        6.31049990653992      -7.287701384426896E-002
   2.10349996884664        6.61099990208944      -6.729479943805629E-002
   2.10349996884664        6.91149989763896      -6.226650766186115E-002
   2.10349996884664        7.21199989318848      -5.779934742323876E-002
   2.40399996439616       0.000000000000000E+000 -0.535450590194385     
   2.40399996439616       0.300499995549520      -0.520106829040741     
   2.40399996439616       0.600999991099040      -0.481013296864750     
   2.40399996439616       0.901499986648560      -0.433483602788354     
   2.40399996439616        1.20199998219808      -0.385473427276481     
   2.40399996439616        1.50249997774760      -0.340137440669981     
   2.40399996439616        1.80299997329712      -0.299143378780402     
   2.40399996439616        2.10349996884664      -0.263561467970984     
   2.40399996439616        2.40399996439616      -0.233787008493462     
   2.40399996439616        2.70449995994568      -0.209388373587914     
   2.40399996439616        3.00499995549520      -0.189260826199890     
   2.40399996439616        3.30549995104472      -0.172079484658485     
   2.40399996439616        3.60599994659424      -0.156794573011317     
   2.40399996439616        3.90649994214376      -0.142891164434986     
   2.40399996439616        4.20699993769328      -0.130310561943201     
   2.40399996439616        4.50749993324280      -0.119155678928353     
   2.40399996439616        4.80799992879232      -0.109407838889503     
   2.40399996439616        5.10849992434184      -0.100832331670447     
   2.40399996439616        5.40899991989136      -9.308577240793423E-002
   2.40399996439616        5.70949991544088      -8.589283774229214E-002
   2.40399996439616        6.00999991099040      -7.914539886668231E-002
   2.40399996439616        6.31049990653992      -7.287521916052778E-002
   2.40399996439616        6.61099990208944      -6.716781570792531E-002
   2.40399996439616        6.91149989763896      -6.211789592893799E-002
   2.40399996439616        7.21199989318848      -5.779497636716374E-002
   2.70449995994568       0.000000000000000E+000 -0.523757201390215     
   2.70449995994568       0.300499995549520      -0.507999858004730     
   2.70449995994568       0.600999991099040      -0.467182213836045     
   2.70449995994568       0.901499986648560      -0.415333491518385     
   2.70449995994568        1.20199998219808      -0.366340951872103     
   2.70449995994568        1.50249997774760      -0.322955084541065     
   2.70449995994568        1.80299997329712      -0.284552438315278     
   2.70449995994568        2.10349996884664      -0.251513553453012     
   2.70449995994568        2.40399996439616      -0.224054049307300     
   2.70449995994568        2.70449995994568      -0.201692972910357     
   2.70449995994568        3.00499995549520      -0.183305796358794     
   2.70449995994568        3.30549995104472      -0.167570172154126     
   2.70449995994568        3.60599994659424      -0.153466543668591     
   2.70449995994568        3.90649994214376      -0.140528119273444     
   2.70449995994568        4.20699993769328      -0.128738556079292     
   2.70449995994568        4.50749993324280      -0.118216438911019     
   2.70449995994568        4.80799992879232      -0.108933029790136     
   2.70449995994568        5.10849992434184      -0.100640029087830     
   2.70449995994568        5.40899991989136      -9.300135161483850E-002
   2.70449995994568        5.70949991544088      -8.577838158484195E-002
   2.70449995994568        6.00999991099040      -7.891604008253564E-002
   2.70449995994568        6.31049990653992      -7.248363864635207E-002
   2.70449995994568        6.61099990208944      -6.664015776786132E-002
   2.70449995994568        6.91149989763896      -6.172969665397131E-002
   2.70449995994568        7.21199989318848      -5.780731597198135E-002
   3.00499995549520       0.000000000000000E+000 -0.500309288863595     
   3.00499995549520       0.300499995549520      -0.483809252314812     
   3.00499995549520       0.600999991099040      -0.442213249719677     
   3.00499995549520       0.901499986648560      -0.391295669384703     
   3.00499995549520        1.20199998219808      -0.342745889831739     
   3.00499995549520        1.50249997774760      -0.301706600698669     
   3.00499995549520        1.80299997329712      -0.266679145932739     
   3.00499995549520        2.10349996884664      -0.237058672752943     
   3.00499995549520        2.40399996439616      -0.212635785627556     
   3.00499995549520        2.70449995994568      -0.192775460681756     
   3.00499995549520        3.00499995549520      -0.176356792609707     
   3.00499995549520        3.30549995104472      -0.162150724276538     
   3.00499995549520        3.60599994659424      -0.149258445308800     
   3.00499995549520        3.90649994214376      -0.137314628546746     
   3.00499995549520        4.20699993769328      -0.126359239357709     
   3.00499995549520        4.50749993324280      -0.116517975443047     
   3.00499995549520        4.80799992879232      -0.107743231564160     
   3.00499995549520        5.10849992434184      -9.977825137854289E-002
   3.00499995549520        5.40899991989136      -9.230881201774919E-002
   3.00499995549520        5.70949991544088      -8.514093619557772E-002
   3.00499995549520        6.00999991099040      -7.825690695501133E-002
   3.00499995549520        6.31049990653992      -7.172196107510553E-002
   3.00499995549520        6.61099990208944      -6.584613999487057E-002
   3.00499995549520        6.91149989763896      -6.123858588615681E-002
   3.00499995549520        7.21199989318848      -5.798295570409033E-002
   3.30549995104472       0.000000000000000E+000 -0.463332103712230     
   3.30549995104472       0.300499995549520      -0.448286115893545     
   3.30549995104472       0.600999991099040      -0.409083298477258     
   3.30549995104472       0.901499986648560      -0.360873162553234     
   3.30549995104472        1.20199998219808      -0.315727467372953     
   3.30549995104472        1.50249997774760      -0.278204160596973     
   3.30549995104472        1.80299997329712      -0.247225460193585     
   3.30549995104472        2.10349996884664      -0.221504089644789     
   3.30549995104472        2.40399996439616      -0.200415226823898     
   3.30549995104472        2.70449995994568      -0.183179696418572     
   3.30549995104472        3.00499995549520      -0.168732644385144     
   3.30549995104472        3.30549995104472      -0.156010336856696     
   3.30549995104472        3.60599994659424      -0.144292799136389     
   3.30549995104472        3.90649994214376      -0.133339616592663     
   3.30549995104472        4.20699993769328      -0.123239933148197     
   3.30549995104472        4.50749993324280      -0.114109228662393     
   3.30549995104472        4.80799992879232      -0.105873079207385     
   3.30549995104472        5.10849992434184      -9.827356894272138E-002
   3.30549995104472        5.40899991989136      -9.103298992054289E-002
   3.30549995104472        5.70949991544088      -8.401105025578988E-002
   3.30549995104472        6.00999991099040      -7.722013648193110E-002
   3.30549995104472        6.31049990653992      -7.071169664065209E-002
   3.30549995104472        6.61099990208944      -6.491595915586378E-002
   3.30549995104472        6.91149989763896      -6.078635303800518E-002
   3.30549995104472        7.21199989318848      -5.820274769614189E-002
   3.60599994659424       0.000000000000000E+000 -0.415433338500380     
   3.60599994659424       0.300499995549520      -0.405734230405631     
   3.60599994659424       0.600999991099040      -0.371855215039761     
   3.60599994659424       0.901499986648560      -0.328071866192578     
   3.60599994659424        1.20199998219808      -0.287357810128303     
   3.60599994659424        1.50249997774760      -0.254130479093193     
   3.60599994659424        1.80299997329712      -0.227541538022726     
   3.60599994659424        2.10349996884664      -0.205786517546194     
   3.60599994659424        2.40399996439616      -0.187960694153606     
   3.60599994659424        2.70449995994568      -0.173221807275115     
   3.60599994659424        3.00499995549520      -0.160616483373085     
   3.60599994659424        3.30549995104472      -0.149282171021866     
   3.60599994659424        3.60599994659424      -0.138692235457299     
   3.60599994659424        3.90649994214376      -0.128722163335019     
   3.60599994659424        4.20699993769328      -0.119486867247131     
   3.60599994659424        4.50749993324280      -0.111074201795803     
   3.60599994659424        4.80799992879232      -0.103384036768946     
   3.60599994659424        5.10849992434184      -9.617170429223780E-002
   3.60599994659424        5.40899991989136      -8.921150660176454E-002
   3.60599994659424        5.70949991544088      -8.242572289819800E-002
   3.60599994659424        6.00999991099040      -7.586536073631363E-002
   3.60599994659424        6.31049990653992      -6.960396226854615E-002
   3.60599994659424        6.61099990208944      -6.414024451035034E-002
   3.60599994659424        6.91149989763896      -6.060023417153038E-002
   3.60599994659424        7.21199989318848      -5.825897456136187E-002
   3.90649994214376       0.000000000000000E+000 -0.365580589692765     
   3.90649994214376       0.300499995549520      -0.356954494022068     
   3.90649994214376       0.600999991099040      -0.329072330930042     
   3.90649994214376       0.901499986648560      -0.292577683547617     
   3.90649994214376        1.20199998219808      -0.258179328447036     
   3.90649994214376        1.50249997774760      -0.230279500905456     
   3.90649994214376        1.80299997329712      -0.208272366979811     
   3.90649994214376        2.10349996884664      -0.190330890367027     
   3.90649994214376        2.40399996439616      -0.175530507928538     
   3.90649994214376        2.70449995994568      -0.163075795864730     
   3.90649994214376        3.00499995549520      -0.152163892620934     
   3.90649994214376        3.30549995104472      -0.142135093509293     
   3.90649994214376        3.60599994659424      -0.132637568155019     
   3.90649994214376        3.90649994214376      -0.123635302889481     
   3.90649994214376        4.20699993769328      -0.115244834691741     
   3.90649994214376        4.50749993324280      -0.107520688432392     
   3.90649994214376        4.80799992879232      -0.100351375363066     
   3.90649994214376        5.10849992434184      -9.352645813494495E-002
   3.90649994214376        5.40899991989136      -8.688511588773436E-002
   3.90649994214376        5.70949991544088      -8.041362052367006E-002
   3.90649994214376        6.00999991099040      -7.421085759378328E-002
   3.90649994214376        6.31049990653992      -6.839650931539276E-002
   3.90649994214376        6.61099990208944      -6.341562619703518E-002
   3.90649994214376        6.91149989763896      -5.993056582970525E-002
   3.90649994214376        7.21199989318848      -5.719969250612145E-002
   4.20699993769328       0.000000000000000E+000 -0.306072803955030     
   4.20699993769328       0.300499995549520      -0.299197500170068     
   4.20699993769328       0.600999991099040      -0.279782017295079     
   4.20699993769328       0.901499986648560      -0.253929421218138     
   4.20699993769328        1.20199998219808      -0.228213508506272     
   4.20699993769328        1.50249997774760      -0.206923212262515     
   4.20699993769328        1.80299997329712      -0.189592662061788     
   4.20699993769328        2.10349996884664      -0.175265664112151     
   4.20699993769328        2.40399996439616      -0.163260910937094     
   4.20699993769328        2.70449995994568      -0.152917413961590     
   4.20699993769328        3.00499995549520      -0.143596336472528     
   4.20699993769328        3.30549995104472      -0.134819247072455     
   4.20699993769328        3.60599994659424      -0.126375272281973     
   4.20699993769328        3.90649994214376      -0.118289565773706     
   4.20699993769328        4.20699993769328      -0.110672212961248     
   4.20699993769328        4.50749993324280      -0.103558916892478     
   4.20699993769328        4.80799992879232      -9.685407686353331E-002
   4.20699993769328        5.10849992434184      -9.040212957990643E-002
   4.20699993769328        5.40899991989136      -8.410980656322650E-002
   4.20699993769328        5.70949991544088      -7.801287949717321E-002
   4.20699993769328        6.00999991099040      -7.223903969280623E-002
   4.20699993769328        6.31049990653992      -6.692149342882996E-002
   4.20699993769328        6.61099990208944      -6.234370632940932E-002
   4.20699993769328        6.91149989763896      -5.878679555514980E-002
   4.20699993769328        7.21199989318848      -5.584424423124169E-002
   4.50749993324280       0.000000000000000E+000 -0.246437697721726     
   4.50749993324280       0.300499995549520      -0.242576050604668     
   4.50749993324280       0.600999991099040      -0.231686209844810     
   4.50749993324280       0.901499986648560      -0.216157080068005     
   4.50749993324280        1.20199998219808      -0.199572594429467     
   4.50749993324280        1.50249997774760      -0.184593655466387     
   4.50749993324280        1.80299997329712      -0.171715121189063     
   4.50749993324280        2.10349996884664      -0.160772273289690     
   4.50749993324280        2.40399996439616      -0.151371129430262     
   4.50749993324280        2.70449995994568      -0.143007193999379     
   4.50749993324280        3.00499995549520      -0.135194333403766     
   4.50749993324280        3.30549995104472      -0.127604364060971     
   4.50749993324280        3.60599994659424      -0.120135066990515     
   4.50749993324280        3.90649994214376      -0.112858265356999     
   4.50749993324280        4.20699993769328      -0.105889790155994     
   4.50749993324280        4.50749993324280      -9.927708918762057E-002
   4.50749993324280        4.80799992879232      -9.297025911931318E-002
   4.50749993324280        5.10849992434184      -8.688110894039906E-002
   4.50749993324280        5.40899991989136      -8.097254330924572E-002
   4.50749993324280        5.70949991544088      -7.530048614426077E-002
   4.50749993324280        6.00999991099040      -6.998011241060546E-002
   4.50749993324280        6.31049990653992      -6.511540877935894E-002
   4.50749993324280        6.61099990208944      -6.080585369196608E-002
   4.50749993324280        6.91149989763896      -5.714591742583936E-002
   4.50749993324280        7.21199989318848      -5.390467217992135E-002
   4.80799992879232       0.000000000000000E+000 -0.199377839666359     
   4.80799992879232       0.300499995549520      -0.197735650877278     
   4.80799992879232       0.600999991099040      -0.192553565954978     
   4.80799992879232       0.901499986648560      -0.183993439009445     
   4.80799992879232        1.20199998219808      -0.173965586752621     
   4.80799992879232        1.50249997774760      -0.164093680681843     
   4.80799992879232        1.80299997329712      -0.155138038103968     
   4.80799992879232        2.10349996884664      -0.147245311648966     
   4.80799992879232        2.40399996439616      -0.140202570467309     
   4.80799992879232        2.70449995994568      -0.133636479607840     
   4.80799992879232        3.00499995549520      -0.127191418929370     
   4.80799992879232        3.30549995104472      -0.120660380101425     
   4.80799992879232        3.60599994659424      -0.114026517042110     
   4.80799992879232        3.90649994214376      -0.107406166009107     
   4.80799992879232        4.20699993769328      -0.100943124252306     
   4.80799992879232        4.50749993324280      -9.472720646878560E-002
   4.80799992879232        4.80799992879232      -8.877385699373780E-002
   4.80799992879232        5.10849992434184      -8.306104953183939E-002
   4.80799992879232        5.40899991989136      -7.758593641708089E-002
   4.80799992879232        5.70949991544088      -7.239052518538906E-002
   4.80799992879232        6.00999991099040      -6.754001070356526E-002
   4.80799992879232        6.31049990653992      -6.308154236514762E-002
   4.80799992879232        6.61099990208944      -5.902398187950054E-002
   4.80799992879232        6.91149989763896      -5.534316316142998E-002
   4.80799992879232        7.21199989318848      -5.196008085355733E-002
   5.10849992434184       0.000000000000000E+000 -0.164937333551428     
   5.10849992434184       0.300499995549520      -0.164155846400021     
   5.10849992434184       0.600999991099040      -0.161560623304419     
   5.10849992434184       0.901499986648560      -0.157488975085565     
   5.10849992434184        1.20199998219808      -0.152105743369691     
   5.10849992434184        1.50249997774760      -0.146225366559256     
   5.10849992434184        1.80299997329712      -0.140493718590830     
   5.10849992434184        2.10349996884664      -0.135140296631638     
   5.10849992434184        2.40399996439616      -0.130055438824749     
   5.10849992434184        2.70449995994568      -0.124973748504255     
   5.10849992434184        3.00499995549520      -0.119651816374658     
   5.10849992434184        3.30549995104472      -0.113980209463687     
   5.10849992434184        3.60599994659424      -0.108007783071403     
   5.10849992434184        3.90649994214376      -0.101892401930488     
   5.10849992434184        4.20699993769328      -9.582032983349838E-002
   5.10849992434184        4.50749993324280      -8.994061118616867E-002
   5.10849992434184        4.80799992879232      -8.433769948294530E-002
   5.10849992434184        5.10849992434184      -7.904215940115029E-002
   5.10849992434184        5.40899991989136      -7.405997511332388E-002
   5.10849992434184        5.70949991544088      -6.939230427011893E-002
   5.10849992434184        6.00999991099040      -6.503399790704555E-002
   5.10849992434184        6.31049990653992      -6.096405269158694E-002
   5.10849992434184        6.61099990208944      -5.715024304621696E-002
   5.10849992434184        6.91149989763896      -5.358018996117878E-002
   5.10849992434184        7.21199989318848      -5.022986056206351E-002
   5.40899991989136       0.000000000000000E+000 -0.139984252165057     
   5.40899991989136       0.300499995549520      -0.139600904097636     
   5.40899991989136       0.600999991099040      -0.138553355563542     
   5.40899991989136       0.901499986648560      -0.136760454543438     
   5.40899991989136        1.20199998219808      -0.134416794550343     
   5.40899991989136        1.50249997774760      -0.131532830609279     
   5.40899991989136        1.80299997329712      -0.128182125493700     
   5.40899991989136        2.10349996884664      -0.124665015482893     
   5.40899991989136        2.40399996439616      -0.120973407699128     
   5.40899991989136        2.70449995994568      -0.116945517848914     
   5.40899991989136        3.00499995549520      -0.112437502549264     
   5.40899991989136        3.30549995104472      -0.107412762381682     
   5.40899991989136        3.60599994659424      -0.101957386440423     
   5.40899991989136        3.90649994214376      -9.625182247790384E-002
   5.40899991989136        4.20699993769328      -9.052044640230228E-002
   5.40899991989136        4.50749993324280      -8.497152362636143E-002
   5.40899991989136        4.80799992879232      -7.974946313509899E-002
   5.40899991989136        5.10849992434184      -7.491818624692378E-002
   5.40899991989136        5.40899991989136      -7.047315248023460E-002
   5.40899991989136        5.70949991544088      -6.636507539212201E-002
   5.40899991989136        6.00999991099040      -6.251804700577739E-002
   5.40899991989136        6.31049990653992      -5.885025333396716E-002
   5.40899991989136        6.61099990208944      -5.532540813698929E-002
   5.40899991989136        6.91149989763896      -5.193846813042314E-002
   5.40899991989136        7.21199989318848      -4.872086663212058E-002
   5.70949991544088       0.000000000000000E+000 -0.123736587962933     
   5.70949991544088       0.300499995549520      -0.123632988220915     
   5.70949991544088       0.600999991099040      -0.123253605542577     
   5.70949991544088       0.901499986648560      -0.122519465676396     
   5.70949991544088        1.20199998219808      -0.121466650504023     
   5.70949991544088        1.50249997774760      -0.120054625714278     
   5.70949991544088        1.80299997329712      -0.118076453790111     
   5.70949991544088        2.10349996884664      -0.115592198434358     
   5.70949991544088        2.40399996439616      -0.112680888914799     
   5.70949991544088        2.70449995994568      -0.109274266839858     
   5.70949991544088        3.00499995549520      -0.105312954204576     
   5.70949991544088        3.30549995104472      -0.100802162051455     
   5.70949991544088        3.60599994659424      -9.581494061970738E-002
   5.70949991544088        3.90649994214376      -9.050752216935706E-002
   5.70949991544088        4.20699993769328      -8.512618343684401E-002
   5.70949991544088        4.50749993324280      -7.993564414154088E-002
   5.70949991544088        4.80799992879232      -7.512578038315111E-002
   5.70949991544088        5.10849992434184      -7.077478948233143E-002
   5.70949991544088        5.40899991989136      -6.686101920569046E-002
   5.70949991544088        5.70949991544088      -6.330059559876372E-002
   5.70949991544088        6.00999991099040      -5.997318577660702E-002
   5.70949991544088        6.31049990653992      -5.675655092721778E-002
   5.70949991544088        6.61099990208944      -5.357014617004455E-002
   5.70949991544088        6.91149989763896      -5.040419370100449E-002
   5.70949991544088        7.21199989318848      -4.733334631513202E-002
   6.00999991099040       0.000000000000000E+000 -0.114886667876767     
   6.00999991099040       0.300499995549520      -0.114601395160283     
   6.00999991099040       0.600999991099040      -0.113844535492333     
   6.00999991099040       0.901499986648560      -0.112891003048800     
   6.00999991099040        1.20199998219808      -0.111977638360080     
   6.00999991099040        1.50249997774760      -0.110975401370784     
   6.00999991099040        1.80299997329712      -0.109504224662879     
   6.00999991099040        2.10349996884664      -0.107360837180705     
   6.00999991099040        2.40399996439616      -0.104746132659470     
   6.00999991099040        2.70449995994568      -0.101658360099152     
   6.00999991099040        3.00499995549520      -9.811109337605996E-002
   6.00999991099040        3.30549995104472      -9.413298238535713E-002
   6.00999991099040        3.60599994659424      -8.969755651960552E-002
   6.00999991099040        3.90649994214376      -8.483505148916214E-002
   6.00999991099040        4.20699993769328      -7.981383585183428E-002
   6.00999991099040        4.50749993324280      -7.499884277534243E-002
   6.00999991099040        4.80799992879232      -7.060142402154687E-002
   6.00999991099040        5.10849992434184      -6.668664628213565E-002
   6.00999991099040        5.40899991989136      -6.322366574225345E-002
   6.00999991099040        5.70949991544088      -6.018018643992220E-002
   6.00999991099040        6.00999991099040      -5.739383666802281E-002
   6.00999991099040        6.31049990653992      -5.465855540570814E-002
   6.00999991099040        6.61099990208944      -5.182071808501260E-002
   6.00999991099040        6.91149989763896      -4.885808294345119E-002
   6.00999991099040        7.21199989318848      -4.591769548263339E-002
   6.31049990653992       0.000000000000000E+000 -0.111433492965583     
   6.31049990653992       0.300499995549520      -0.110071984326916     
   6.31049990653992       0.600999991099040      -0.107209028472728     
   6.31049990653992       0.901499986648560      -0.104910982760788     
   6.31049990653992        1.20199998219808      -0.103655965751843     
   6.31049990653992        1.50249997774760      -0.102744200085687     
   6.31049990653992        1.80299997329712      -0.101448536365946     
   6.31049990653992        2.10349996884664      -9.940316769168095E-002
   6.31049990653992        2.40399996439616      -9.685337144387537E-002
   6.31049990653992        2.70449995994568      -9.394019749630297E-002
   6.31049990653992        3.00499995549520      -9.075000501282257E-002
   6.31049990653992        3.30549995104472      -8.741088155952176E-002
   6.31049990653992        3.60599994659424      -8.371964324501070E-002
   6.31049990653992        3.90649994214376      -7.940999331225548E-002
   6.31049990653992        4.20699993769328      -7.475017934176956E-002
   6.31049990653992        4.50749993324280      -7.028790991714493E-002
   6.31049990653992        4.80799992879232      -6.628882798170585E-002
   6.31049990653992        5.10849992434184      -6.271031042112982E-002
   6.31049990653992        5.40899991989136      -5.961148727256317E-002
   6.31049990653992        5.70949991544088      -5.705435713664691E-002
   6.31049990653992        6.00999991099040      -5.480155304578008E-002
   6.31049990653992        6.31049990653992      -5.253682309681436E-002
   6.31049990653992        6.61099990208944      -4.997647752662004E-002
   6.31049990653992        6.91149989763896      -4.711110353547006E-002
   6.31049990653992        7.21199989318848      -4.428312415262022E-002
   6.61099990208944       0.000000000000000E+000 -0.109362600008745     
   6.61099990208944       0.300499995549520      -0.104915074058139     
   6.61099990208944       0.600999991099040      -9.774458480791984E-002
   6.61099990208944       0.901499986648560      -9.480928419064542E-002
   6.61099990208944        1.20199998219808      -9.441759784890423E-002
   6.61099990208944        1.50249997774760      -9.423509132876799E-002
   6.61099990208944        1.80299997329712      -9.332679273924624E-002
   6.61099990208944        2.10349996884664      -9.148159199469534E-002
   6.61099990208944        2.40399996439616      -8.899560229773358E-002
   6.61099990208944        2.70449995994568      -8.612520171480824E-002
   6.61099990208944        3.00499995549520      -8.320579370544501E-002
   6.61099990208944        3.30549995104472      -8.076698366868156E-002
   6.61099990208944        3.60599994659424      -7.822373348181685E-002
   6.61099990208944        3.90649994214376      -7.452737271803227E-002
   6.61099990208944        4.20699993769328      -7.019101150839437E-002
   6.61099990208944        4.50749993324280      -6.594240798123258E-002
   6.61099990208944        4.80799992879232      -6.225055685585446E-002
   6.61099990208944        5.10849992434184      -5.889636369502833E-002
   6.61099990208944        5.40899991989136      -5.611932822608744E-002
   6.61099990208944        5.70949991544088      -5.398683631239642E-002
   6.61099990208944        6.00999991099040      -5.225177951695020E-002
   6.61099990208944        6.31049990653992      -5.046433766568217E-002
   6.61099990208944        6.61099990208944      -4.806958422569669E-002
   6.61099990208944        6.91149989763896      -4.510764196393335E-002
   6.61099990208944        7.21199989318848      -4.246122692923561E-002
   6.91149989763896       0.000000000000000E+000 -9.985836048971022E-002
   6.91149989763896       0.300499995549520      -9.044095641917574E-002
   6.91149989763896       0.600999991099040      -7.985056962070808E-002
   6.91149989763896       0.901499986648560      -8.113558453803964E-002
   6.91149989763896        1.20199998219808      -8.407120443191260E-002
   6.91149989763896        1.50249997774760      -8.550733469524383E-002
   6.91149989763896        1.80299997329712      -8.532111577809513E-002
   6.91149989763896        2.10349996884664      -8.382327538507182E-002
   6.91149989763896        2.40399996439616      -8.149666074922322E-002
   6.91149989763896        2.70449995994568      -7.862323403143612E-002
   6.91149989763896        3.00499995549520      -7.596862564569598E-002
   6.91149989763896        3.30549995104472      -7.485330643406993E-002
   6.91149989763896        3.60599994659424      -7.401226483384080E-002
   6.91149989763896        3.90649994214376      -7.048850100427008E-002
   6.91149989763896        4.20699993769328      -6.643854901265903E-002
   6.91149989763896        4.50749993324280      -6.226337107091543E-002
   6.91149989763896        4.80799992879232      -5.855533049636160E-002
   6.91149989763896        5.10849992434184      -5.535992180085789E-002
   6.91149989763896        5.40899991989136      -5.280129538123348E-002
   6.91149989763896        5.70949991544088      -5.101937872812913E-002
   6.91149989763896        6.00999991099040      -4.979125817284963E-002
   6.91149989763896        6.31049990653992      -4.864436636011162E-002
   6.91149989763896        6.61099990208944      -4.676035957254954E-002
   6.91149989763896        6.91149989763896      -4.392718782722366E-002
   6.91149989763896        7.21199989318848      -4.167103777200357E-002
   7.21199989318848       0.000000000000000E+000 -8.725772770323459E-002
   7.21199989318848       0.300499995549520      -7.371711334322303E-002
   7.21199989318848       0.600999991099040      -6.545608474260867E-002
   7.21199989318848       0.901499986648560      -7.047877792297386E-002
   7.21199989318848        1.20199998219808      -7.532925699749259E-002
   7.21199989318848        1.50249997774760      -7.770463319545130E-002
   7.21199989318848        1.80299997329712      -7.804691757949891E-002
   7.21199989318848        2.10349996884664      -7.692394654491269E-002
   7.21199989318848        2.40399996439616      -7.486738381234798E-002
   7.21199989318848        2.70449995994568      -7.225656710635889E-002
   7.21199989318848        3.00499995549520      -7.007011278725171E-002
   7.21199989318848        3.30549995104472      -7.002795817440906E-002
   7.21199989318848        3.60599994659424      -7.047384968003596E-002
   7.21199989318848        3.90649994214376      -6.717226502201491E-002
   7.21199989318848        4.20699993769328      -6.358609241094336E-002
   7.21199989318848        4.50749993324280      -5.921679311734560E-002
   7.21199989318848        4.80799992879232      -5.529775677237025E-002
   7.21199989318848        5.10849992434184      -5.210012078799192E-002
   7.21199989318848        5.40899991989136      -4.969113455496789E-002
   7.21199989318848        5.70949991544088      -4.813682120256987E-002
   7.21199989318848        6.00999991099040      -4.728928946663476E-002
   7.21199989318848        6.31049990653992      -4.681803066977510E-002
   7.21199989318848        6.61099990208944      -4.610752988315710E-002
   7.21199989318848        6.91149989763896      -4.418538816827042E-002
   7.21199989318848        7.21199989318848      -4.128064289596310E-002
