  0.000000000000000E+000  0.000000000000000E+000 -0.180546295648243     
  0.000000000000000E+000  0.300499995549520      -0.165256080803846     
  0.000000000000000E+000  0.600999991099040      -0.152066199241351     
  0.000000000000000E+000  0.901499986648560      -0.152040672261554     
  0.000000000000000E+000   1.20199998219808      -0.151822155931092     
  0.000000000000000E+000   1.50249997774760      -0.149067658762651     
  0.000000000000000E+000   1.80299997329712      -0.144180484834925     
  0.000000000000000E+000   2.10349996884664      -0.137710081846619     
  0.000000000000000E+000   2.40399996439616      -0.130219042336647     
  0.000000000000000E+000   2.70449995994568      -0.122454421342843     
  0.000000000000000E+000   3.00499995549520      -0.115812274483744     
  0.000000000000000E+000   3.30549995104472      -0.112434780630325     
  0.000000000000000E+000   3.60599994659424      -0.110057386034823     
  0.000000000000000E+000   3.90649994214376      -0.103043290605749     
  0.000000000000000E+000   4.20699993769328      -9.595532065035220E-002
  0.000000000000000E+000   4.50749993324280      -8.799663062701142E-002
  0.000000000000000E+000   4.80799992879232      -8.083731055977696E-002
  0.000000000000000E+000   5.10849992434184      -7.494836788485978E-002
  0.000000000000000E+000   5.40899991989136      -7.044884298689963E-002
  0.000000000000000E+000   5.70949991544088      -6.732314654568723E-002
  0.000000000000000E+000   6.00999991099040      -6.537342535416424E-002
  0.000000000000000E+000   6.31049990653992      -6.424533415950892E-002
  0.000000000000000E+000   6.61099990208944      -6.318740239629102E-002
  0.000000000000000E+000   6.91149989763896      -6.052432755459623E-002
  0.000000000000000E+000   7.21199989318848      -5.656610839586333E-002
  0.300499995549520       0.000000000000000E+000 -0.208199403595341     
  0.300499995549520       0.300499995549520      -0.194233156274125     
  0.300499995549520       0.600999991099040      -0.177700787063683     
  0.300499995549520       0.901499986648560      -0.173570849555837     
  0.300499995549520        1.20199998219808      -0.170617344188777     
  0.300499995549520        1.50249997774760      -0.165866862119799     
  0.300499995549520        1.80299997329712      -0.159329903563191     
  0.300499995549520        2.10349996884664      -0.151339552817784     
  0.300499995549520        2.40399996439616      -0.142471425286092     
  0.300499995549520        2.70449995994568      -0.133442045195213     
  0.300499995549520        3.00499995549520      -0.125366980185425     
  0.300499995549520        3.30549995104472      -0.119862601225642     
  0.300499995549520        3.60599994659424      -0.115275595495309     
  0.300499995549520        3.90649994214376      -0.107732085512560     
  0.300499995549520        4.20699993769328      -9.976587244507779E-002
  0.300499995549520        4.50749993324280      -9.185698812520159E-002
  0.300499995549520        4.80799992879232      -8.482523851165724E-002
  0.300499995549520        5.10849992434184      -7.882645623459800E-002
  0.300499995549520        5.40899991989136      -7.399028442063711E-002
  0.300499995549520        5.70949991544088      -7.041166557506220E-002
  0.300499995549520        6.00999991099040      -6.781346427187597E-002
  0.300499995549520        6.31049990653992      -6.567959833325766E-002
  0.300499995549520        6.61099990208944      -6.309401648106225E-002
  0.300499995549520        6.91149989763896      -5.976726043050366E-002
  0.300499995549520        7.21199989318848      -5.679264264783195E-002
  0.600999991099040       0.000000000000000E+000 -0.233195378827623     
  0.600999991099040       0.300499995549520      -0.224743657022187     
  0.600999991099040       0.600999991099040      -0.210413267505054     
  0.600999991099040       0.901499986648560      -0.200268834782238     
  0.600999991099040        1.20199998219808      -0.192398521578375     
  0.600999991099040        1.50249997774760      -0.184492648653154     
  0.600999991099040        1.80299997329712      -0.175761547146000     
  0.600999991099040        2.10349996884664      -0.166093900452619     
  0.600999991099040        2.40399996439616      -0.155978990965969     
  0.600999991099040        2.70449995994568      -0.145972429257393     
  0.600999991099040        3.00499995549520      -0.136675671709371     
  0.600999991099040        3.30549995104472      -0.128680179039245     
  0.600999991099040        3.60599994659424      -0.121213554224962     
  0.600999991099040        3.90649994214376      -0.112910048155547     
  0.600999991099040        4.20699993769328      -0.104289534670198     
  0.600999991099040        4.50749993324280      -9.618611535664463E-002
  0.600999991099040        4.80799992879232      -8.914527625489561E-002
  0.600999991099040        5.10849992434184      -8.287905259765867E-002
  0.600999991099040        5.40899991989136      -7.766247727073139E-002
  0.600999991099040        5.70949991544088      -7.351231998154578E-002
  0.600999991099040        6.00999991099040      -7.014745969454965E-002
  0.600999991099040        6.31049990653992      -6.709774133884905E-002
  0.600999991099040        6.61099990208944      -6.380983253326805E-002
  0.600999991099040        6.91149989763896      -6.027268820189555E-002
  0.600999991099040        7.21199989318848      -5.659833842597315E-002
  0.901499986648560       0.000000000000000E+000 -0.252831876471853     
  0.901499986648560       0.300499995549520      -0.248264087341736     
  0.901499986648560       0.600999991099040      -0.237815544342275     
  0.901499986648560       0.901499986648560      -0.226256459314272     
  0.901499986648560        1.20199998219808      -0.215082337451103     
  0.901499986648560        1.50249997774760      -0.204062805938868     
  0.901499986648560        1.80299997329712      -0.192840353453550     
  0.901499986648560        2.10349996884664      -0.181309410669740     
  0.901499986648560        2.40399996439616      -0.169892924431213     
  0.901499986648560        2.70449995994568      -0.158787649434451     
  0.901499986648560        3.00499995549520      -0.148169941465968     
  0.901499986648560        3.30549995104472      -0.138167202294219     
  0.901499986648560        3.60599994659424      -0.128478656766220     
  0.901499986648560        3.90649994214376      -0.118807781704210     
  0.901499986648560        4.20699993769328      -0.109472769513429     
  0.901499986648560        4.50749993324280      -0.101042768455127     
  0.901499986648560        4.80799992879232      -9.362087751455879E-002
  0.901499986648560        5.10849992434184      -8.702176320467414E-002
  0.901499986648560        5.40899991989136      -8.134091565154640E-002
  0.901499986648560        5.70949991544088      -7.657708058291414E-002
  0.901499986648560        6.00999991099040      -7.247764960507844E-002
  0.901499986648560        6.31049990653992      -6.872967715731862E-002
  0.901499986648560        6.61099990208944      -6.502101138942769E-002
  0.901499986648560        6.91149989763896      -6.116394977765250E-002
  0.901499986648560        7.21199989318848      -5.711787630399247E-002
   1.20199998219808       0.000000000000000E+000 -0.282337206853554     
   1.20199998219808       0.300499995549520      -0.278642877296087     
   1.20199998219808       0.600999991099040      -0.268847533159957     
   1.20199998219808       0.901499986648560      -0.255487664977857     
   1.20199998219808        1.20199998219808      -0.240677649116155     
   1.20199998219808        1.50249997774760      -0.225633938120066     
   1.20199998219808        1.80299997329712      -0.210946518793650     
   1.20199998219808        2.10349996884664      -0.196876220824021     
   1.20199998219808        2.40399996439616      -0.183628284933677     
   1.20199998219808        2.70449995994568      -0.171070515089440     
   1.20199998219808        3.00499995549520      -0.158975597994046     
   1.20199998219808        3.30549995104472      -0.147263313290584     
   1.20199998219808        3.60599994659424      -0.135880550468507     
   1.20199998219808        3.90649994214376      -0.124951473453128     
   1.20199998219808        4.20699993769328      -0.114874974221342     
   1.20199998219808        4.50749993324280      -0.105940957255869     
   1.20199998219808        4.80799992879232      -9.806003127566804E-002
   1.20199998219808        5.10849992434184      -9.106372145094806E-002
   1.20199998219808        5.40899991989136      -8.488999778369170E-002
   1.20199998219808        5.70949991544088      -7.948191260288565E-002
   1.20199998219808        6.00999991099040      -7.466114603658883E-002
   1.20199998219808        6.31049990653992      -7.024051368165010E-002
   1.20199998219808        6.61099990208944      -6.601876774864271E-002
   1.20199998219808        6.91149989763896      -6.182172088862754E-002
   1.20199998219808        7.21199989318848      -5.762915032570427E-002
   1.50249997774760       0.000000000000000E+000 -0.332981025526691     
   1.50249997774760       0.300499995549520      -0.328163368243584     
   1.50249997774760       0.600999991099040      -0.314876741501131     
   1.50249997774760       0.901499986648560      -0.295796404190173     
   1.50249997774760        1.20199998219808      -0.274021268963781     
   1.50249997774760        1.50249997774760      -0.252112523067082     
   1.50249997774760        1.80299997329712      -0.231590017235369     
   1.50249997774760        2.10349996884664      -0.213115217535416     
   1.50249997774760        2.40399996439616      -0.196959741015551     
   1.50249997774760        2.70449995994568      -0.182494591671246     
   1.50249997774760        3.00499995549520      -0.168903421058544     
   1.50249997774760        3.30549995104472      -0.155720534073582     
   1.50249997774760        3.60599994659424      -0.142958023720630     
   1.50249997774760        3.90649994214376      -0.130964171263088     
   1.50249997774760        4.20699993769328      -0.120144412295803     
   1.50249997774760        4.50749993324280      -0.110657057496198     
   1.50249997774760        4.80799992879232      -0.102341721276560     
   1.50249997774760        5.10849992434184      -9.491442688606536E-002
   1.50249997774760        5.40899991989136      -8.818882429699315E-002
   1.50249997774760        5.70949991544088      -8.211914507104653E-002
   1.50249997774760        6.00999991099040      -7.659417029917159E-002
   1.50249997774760        6.31049990653992      -7.152382533146052E-002
   1.50249997774760        6.61099990208944      -6.680031142933100E-002
   1.50249997774760        6.91149989763896      -6.230408559686496E-002
   1.50249997774760        7.21199989318848      -5.800496530435791E-002
   1.80299997329712       0.000000000000000E+000 -0.415433338500380     
   1.80299997329712       0.300499995549520      -0.407401128806393     
   1.80299997329712       0.600999991099040      -0.385645057095528     
   1.80299997329712       0.901499986648560      -0.354772652068662     
   1.80299997329712        1.20199998219808      -0.320364311802334     
   1.80299997329712        1.50249997774760      -0.286621287512714     
   1.80299997329712        1.80299997329712      -0.256099819735303     
   1.80299997329712        2.10349996884664      -0.230600204966913     
   1.80299997329712        2.40399996439616      -0.209991115771126     
   1.80299997329712        2.70449995994568      -0.192900345932304     
   1.80299997329712        3.00499995549520      -0.177720399375802     
   1.80299997329712        3.30549995104472      -0.163375088610424     
   1.80299997329712        3.60599994659424      -0.149593377961465     
   1.80299997329712        3.90649994214376      -0.136698218234731     
   1.80299997329712        4.20699993769328      -0.125140791168512     
   1.80299997329712        4.50749993324280      -0.115093057323970     
   1.80299997329712        4.80799992879232      -0.106340836020287     
   1.80299997329712        5.10849992434184      -9.848197148161644E-002
   1.80299997329712        5.40899991989136      -9.121055890114728E-002
   1.80299997329712        5.70949991544088      -8.444820398728005E-002
   1.80299997329712        6.00999991099040      -7.824290070418380E-002
   1.80299997329712        6.31049990653992      -7.257235749046925E-002
   1.80299997329712        6.61099990208944      -6.739710833100163E-002
   1.80299997329712        6.91149989763896      -6.263481627081244E-002
   1.80299997329712        7.21199989318848      -5.822727068909574E-002
   2.10349996884664       0.000000000000000E+000 -0.543289974549362     
   2.10349996884664       0.300499995549520      -0.528955861305706     
   2.10349996884664       0.600999991099040      -0.490487261674728     
   2.10349996884664       0.901499986648560      -0.438432272795612     
   2.10349996884664        1.20199998219808      -0.382352518244104     
   2.10349996884664        1.50249997774760      -0.329788389101540     
   2.10349996884664        1.80299997329712      -0.285140035472173     
   2.10349996884664        2.10349996884664      -0.249842546334647     
   2.10349996884664        2.40399996439616      -0.223003699178774     
   2.10349996884664        2.70449995994568      -0.202333556453481     
   2.10349996884664        3.00499995549520      -0.185256851617459     
   2.10349996884664        3.30549995104472      -0.169866811451671     
   2.10349996884664        3.60599994659424      -0.155350614088068     
   2.10349996884664        3.90649994214376      -0.141799273190009     
   2.10349996884664        4.20699993769328      -0.129641358838182     
   2.10349996884664        4.50749993324280      -0.119089911364005     
   2.10349996884664        4.80799992879232      -0.109924167874977     
   2.10349996884664        5.10849992434184      -0.101661638843169     
   2.10349996884664        5.40899991989136      -9.389849808040231E-002
   2.10349996884664        5.70949991544088      -8.651754885077476E-002
   2.10349996884664        6.00999991099040      -7.963255699543589E-002
   2.10349996884664        6.31049990653992      -7.337925678504692E-002
   2.10349996884664        6.61099990208944      -6.777230661778638E-002
   2.10349996884664        6.91149989763896      -6.275246094395062E-002
   2.10349996884664        7.21199989318848      -5.824197943363994E-002
   2.40399996439616       0.000000000000000E+000 -0.738820023470109     
   2.40399996439616       0.300499995549520      -0.710921965172086     
   2.40399996439616       0.600999991099040      -0.638591948566283     
   2.40399996439616       0.901499986648560      -0.547840676229499     
   2.40399996439616        1.20199998219808      -0.458627792354129     
   2.40399996439616        1.50249997774760      -0.380943229723928     
   2.40399996439616        1.80299997329712      -0.318316344878425     
   2.40399996439616        2.10349996884664      -0.270755454835354     
   2.40399996439616        2.40399996439616      -0.236104419078477     
   2.40399996439616        2.70449995994568      -0.210928687880290     
   2.40399996439616        3.00499995549520      -0.191553888954367     
   2.40399996439616        3.30549995104472      -0.175097940273169     
   2.40399996439616        3.60599994659424      -0.160030318783661     
   2.40399996439616        3.90649994214376      -0.146048324965403     
   2.40399996439616        4.20699993769328      -0.133462417350762     
   2.40399996439616        4.50749993324280      -0.122506145869254     
   2.40399996439616        4.80799992879232      -0.112979399588629     
   2.40399996439616        5.10849992434184      -0.104360015743594     
   2.40399996439616        5.40899991989136      -9.617317178462326E-002
   2.40399996439616        5.70949991544088      -8.826231739962989E-002
   2.40399996439616        6.00999991099040      -8.077022844323319E-002
   2.40399996439616        6.31049990653992      -7.391686342043687E-002
   2.40399996439616        6.61099990208944      -6.781434969169693E-002
   2.40399996439616        6.91149989763896      -6.247852712738364E-002
   2.40399996439616        7.21199989318848      -5.792032358071974E-002
   2.70449995994568       0.000000000000000E+000  -1.00089520174420     
   2.70449995994568       0.300499995549520      -0.954918370693080     
   2.70449995994568       0.600999991099040      -0.835641034588000     
   2.70449995994568       0.901499986648560      -0.684938411512107     
   2.70449995994568        1.20199998219808      -0.546758098503521     
   2.70449995994568        1.50249997774760      -0.436948517415599     
   2.70449995994568        1.80299997329712      -0.353335061580777     
   2.70449995994568        2.10349996884664      -0.292084645041756     
   2.70449995994568        2.40399996439616      -0.248811403016900     
   2.70449995994568        2.70449995994568      -0.218633359972120     
   2.70449995994568        3.00499995549520      -0.196706337418623     
   2.70449995994568        3.30549995104472      -0.179133835414327     
   2.70449995994568        3.60599994659424      -0.163605351526041     
   2.70449995994568        3.90649994214376      -0.149349439621816     
   2.70449995994568        4.20699993769328      -0.136490216238762     
   2.70449995994568        4.50749993324280      -0.125242689344474     
   2.70449995994568        4.80799992879232      -0.115427655860103     
   2.70449995994568        5.10849992434184      -0.106510963931929     
   2.70449995994568        5.40899991989136      -9.797240229884641E-002
   2.70449995994568        5.70949991544088      -8.961342758556703E-002
   2.70449995994568        6.00999991099040      -8.156527230792145E-002
   2.70449995994568        6.31049990653992      -7.405841159888527E-002
   2.70449995994568        6.61099990208944      -6.731963686992953E-002
   2.70449995994568        6.91149989763896      -6.171492218761771E-002
   2.70449995994568        7.21199989318848      -5.729432547123045E-002
   3.00499995549520       0.000000000000000E+000  -1.28352137647372     
   3.00499995549520       0.300499995549520       -1.21868277607777     
   3.00499995549520       0.600999991099040       -1.04802520120744     
   3.00499995549520       0.901499986648560      -0.834622907448653     
   3.00499995549520        1.20199998219808      -0.637331044355439     
   3.00499995549520        1.50249997774760      -0.490568439076501     
   3.00499995549520        1.80299997329712      -0.385570792203706     
   3.00499995549520        2.10349996884664      -0.311217919174139     
   3.00499995549520        2.40399996439616      -0.259874581816538     
   3.00499995549520        2.70449995994568      -0.225009232289977     
   3.00499995549520        3.00499995549520      -0.200665050204859     
   3.00499995549520        3.30549995104472      -0.182034616126089     
   3.00499995549520        3.60599994659424      -0.166107676174810     
   3.00499995549520        3.90649994214376      -0.151678184503132     
   3.00499995549520        4.20699993769328      -0.138666366030090     
   3.00499995549520        4.50749993324280      -0.127235479532295     
   3.00499995549520        4.80799992879232      -0.117214892007526     
   3.00499995549520        5.10849992434184      -0.108072438243566     
   3.00499995549520        5.40899991989136      -9.926211154502983E-002
   3.00499995549520        5.70949991544088      -9.054184916940532E-002
   3.00499995549520        6.00999991099040      -8.198628385836264E-002
   3.00499995549520        6.31049990653992      -7.377394864839565E-002
   3.00499995549520        6.61099990208944      -6.640271151609821E-002
   3.00499995549520        6.91149989763896      -6.063337467694078E-002
   3.00499995549520        7.21199989318848      -5.656318455295427E-002
   3.30549995104472       0.000000000000000E+000  -1.48932404238139     
   3.30549995104472       0.300499995549520       -1.41620651215232     
   3.30549995104472       0.600999991099040       -1.21552424968657     
   3.30549995104472       0.901499986648560      -0.952369246924045     
   3.30549995104472        1.20199998219808      -0.709945263388925     
   3.30549995104472        1.50249997774760      -0.530601371562712     
   3.30549995104472        1.80299997329712      -0.408780642873499     
   3.30549995104472        2.10349996884664      -0.324730907160393     
   3.30549995104472        2.40399996439616      -0.267558149755977     
   3.30549995104472        2.70449995994568      -0.229313943678139     
   3.30549995104472        3.00499995549520      -0.203206727729754     
   3.30549995104472        3.30549995104472      -0.183787693199919     
   3.30549995104472        3.60599994659424      -0.167568473016750     
   3.30549995104472        3.90649994214376      -0.153044972118159     
   3.30549995104472        4.20699993769328      -0.139968805092110     
   3.30549995104472        4.50749993324280      -0.128443668946740     
   3.30549995104472        4.80799992879232      -0.118301867565052     
   3.30549995104472        5.10849992434184      -0.109018208069413     
   3.30549995104472        5.40899991989136      -0.100032933466165     
   3.30549995104472        5.70949991544088      -9.106601322329111E-002
   3.30549995104472        6.00999991099040      -8.210835611324035E-002
   3.30549995104472        6.31049990653992      -7.330991104709600E-002
   3.30549995104472        6.61099990208944      -6.537301663542446E-002
   3.30549995104472        6.91149989763896      -5.961158533084718E-002
   3.30549995104472        7.21199989318848      -5.590549108639594E-002
   3.60599994659424       0.000000000000000E+000  -1.62887307197346     
   3.60599994659424       0.300499995549520       -1.48464264644686     
   3.60599994659424       0.600999991099040       -1.27750475191500     
   3.60599994659424       0.901499986648560      -0.997184637399303     
   3.60599994659424        1.20199998219808      -0.737843622107566     
   3.60599994659424        1.50249997774760      -0.545620324731245     
   3.60599994659424        1.80299997329712      -0.417295232527577     
   3.60599994659424        2.10349996884664      -0.329635391280027     
   3.60599994659424        2.40399996439616      -0.270325977711938     
   3.60599994659424        2.70449995994568      -0.230845960657035     
   3.60599994659424        3.00499995549520      -0.204088847689639     
   3.60599994659424        3.30549995104472      -0.184372752015636     
   3.60599994659424        3.60599994659424      -0.168042049767611     
   3.60599994659424        3.90649994214376      -0.153491463685231     
   3.60599994659424        4.20699993769328      -0.140401872205375     
   3.60599994659424        4.50749993324280      -0.128849062677308     
   3.60599994659424        4.80799992879232      -0.118667504832507     
   3.60599994659424        5.10849992434184      -0.109336079193527     
   3.60599994659424        5.40899991989136      -0.100290321080363     
   3.60599994659424        5.70949991544088      -9.123417582297320E-002
   3.60599994659424        6.00999991099040      -8.211822698628327E-002
   3.60599994659424        6.31049990653992      -7.308559082514343E-002
   3.60599994659424        6.61099990208944      -6.491546064206770E-002
   3.60599994659424        6.91149989763896      -5.929801709428293E-002
   3.60599994659424        7.21199989318848      -5.538918281440174E-002
   3.90649994214376       0.000000000000000E+000  -1.48932766844957     
   3.90649994214376       0.300499995549520       -1.41619628002020     
   3.90649994214376       0.600999991099040       -1.21551945166777     
   3.90649994214376       0.901499986648560      -0.952372217720587     
   3.90649994214376        1.20199998219808      -0.709952097117495     
   3.90649994214376        1.50249997774760      -0.530608592265253     
   3.90649994214376        1.80299997329712      -0.408787053789501     
   3.90649994214376        2.10349996884664      -0.324736358970379     
   3.90649994214376        2.40399996439616      -0.267563006132612     
   3.90649994214376        2.70449995994568      -0.229318771056196     
   3.90649994214376        3.00499995549520      -0.203211941770254     
   3.90649994214376        3.30549995104472      -0.183793424258285     
   3.90649994214376        3.60599994659424      -0.167574609755207     
   3.90649994214376        3.90649994214376      -0.153051187625073     
   3.90649994214376        4.20699993769328      -0.139974801898418     
   3.90649994214376        4.50749993324280      -0.128449330898130     
   3.90649994214376        4.80799992879232      -0.118307243819470     
   3.90649994214376        5.10849992434184      -0.109023612296710     
   3.90649994214376        5.40899991989136      -0.100038841630040     
   3.90649994214376        5.70949991544088      -9.107319177226529E-002
   3.90649994214376        6.00999991099040      -8.211848450904169E-002
   3.90649994214376        6.31049990653992      -7.332545991845353E-002
   3.90649994214376        6.61099990208944      -6.539512561151166E-002
   3.90649994214376        6.91149989763896      -5.963472166298087E-002
   3.90649994214376        7.21199989318848      -5.590929107712308E-002
   4.20699993769328       0.000000000000000E+000  -1.28352861126619     
   4.20699993769328       0.300499995549520       -1.21868080656014     
   4.20699993769328       0.600999991099040       -1.04802766683772     
   4.20699993769328       0.901499986648560      -0.834632960152463     
   4.20699993769328        1.20199998219808      -0.637344797656751     
   4.20699993769328        1.50249997774760      -0.490582094592935     
   4.20699993769328        1.80299997329712      -0.385582775243699     
   4.20699993769328        2.10349996884664      -0.311228196262012     
   4.20699993769328        2.40399996439616      -0.259883870551400     
   4.20699993769328        2.70449995994568      -0.225018569264039     
   4.20699993769328        3.00499995549520      -0.200675218187544     
   4.20699993769328        3.30549995104472      -0.182045922797634     
   4.20699993769328        3.60599994659424      -0.166119826052582     
   4.20699993769328        3.90649994214376      -0.151690519459251     
   4.20699993769328        4.20699993769328      -0.138678271108958     
   4.20699993769328        4.50749993324280      -0.127246624641023     
   4.20699993769328        4.80799992879232      -0.117225365252384     
   4.20699993769328        5.10849992434184      -0.108082750849392     
   4.20699993769328        5.40899991989136      -9.927308488482924E-002
   4.20699993769328        5.70949991544088      -9.055462813437627E-002
   4.20699993769328        6.00999991099040      -8.200277776433811E-002
   4.20699993769328        6.31049990653992      -7.379708968458883E-002
   4.20699993769328        6.61099990208944      -6.643180075648836E-002
   4.20699993769328        6.91149989763896      -6.065970435680108E-002
   4.20699993769328        7.21199989318848      -5.657095386871489E-002
   4.50749993324280       0.000000000000000E+000  -1.00090291549184     
   4.50749993324280       0.300499995549520      -0.954926914301370     
   4.50749993324280       0.600999991099040      -0.835653711091771     
   4.50749993324280       0.901499986648560      -0.684955920411638     
   4.50749993324280        1.20199998219808      -0.546777253625837     
   4.50749993324280        1.50249997774760      -0.436966743651772     
   4.50749993324280        1.80299997329712      -0.353351016064071     
   4.50749993324280        2.10349996884664      -0.292098450715575     
   4.50749993324280        2.40399996439616      -0.248824137972113     
   4.50749993324280        2.70449995994568      -0.218646446226212     
   4.50749993324280        3.00499995549520      -0.196720903549402     
   4.50749993324280        3.30549995104472      -0.179150239404869     
   4.50749993324280        3.60599994659424      -0.163623143188951     
   4.50749993324280        3.90649994214376      -0.149367577533920     
   4.50749993324280        4.20699993769328      -0.136507765430541     
   4.50749993324280        4.50749993324280      -0.125259064254161     
   4.50749993324280        4.80799992879232      -0.115442830329604     
   4.50749993324280        5.10849992434184      -0.106525544410037     
   4.50749993324280        5.40899991989136      -9.798734568548952E-002
   4.50749993324280        5.70949991544088      -8.962992235230692E-002
   4.50749993324280        6.00999991099040      -8.158468834867987E-002
   4.50749993324280        6.31049990653992      -7.408223766252961E-002
   4.50749993324280        6.61099990208944      -6.734699762813187E-002
   4.50749993324280        6.91149989763896      -6.173901298780893E-002
   4.50749993324280        7.21199989318848      -5.730669169253289E-002
   4.80799992879232       0.000000000000000E+000 -0.738825968285757     
   4.80799992879232       0.300499995549520      -0.710934315064222     
   4.80799992879232       0.600999991099040      -0.638609411764558     
   4.80799992879232       0.901499986648560      -0.547861542085746     
   4.80799992879232        1.20199998219808      -0.458649464857485     
   4.80799992879232        1.50249997774760      -0.380963400445997     
   4.80799992879232        1.80299997329712      -0.318333977444235     
   4.80799992879232        2.10349996884664      -0.270770937860878     
   4.80799992879232        2.40399996439616      -0.236119137389628     
   4.80799992879232        2.70449995994568      -0.210944415775392     
   4.80799992879232        3.00499995549520      -0.191571900905193     
   4.80799992879232        3.30549995104472      -0.175118554305336     
   4.80799992879232        3.60599994659424      -0.160052907405281     
   4.80799992879232        3.90649994214376      -0.146071708668765     
   4.80799992879232        4.20699993769328      -0.133485221495040     
   4.80799992879232        4.50749993324280      -0.122527462877233     
   4.80799992879232        4.80799992879232      -0.112999032511885     
   4.80799992879232        5.10849992434184      -0.104378446603847     
   4.80799992879232        5.40899991989136      -9.619135877658265E-002
   4.80799992879232        5.70949991544088      -8.828137162722129E-002
   4.80799992879232        6.00999991099040      -8.079110308429330E-002
   4.80799992879232        6.31049990653992      -7.394002561930425E-002
   4.80799992879232        6.61099990208944      -6.783904695147844E-002
   4.80799992879232        6.91149989763896      -6.250189097223821E-002
   4.80799992879232        7.21199989318848      -5.793846632667310E-002
   5.10849992434184       0.000000000000000E+000 -0.543293259519343     
   5.10849992434184       0.300499995549520      -0.528967420747124     
   5.10849992434184       0.600999991099040      -0.490505089250607     
   5.10849992434184       0.901499986648560      -0.438453233340785     
   5.10849992434184        1.20199998219808      -0.382373596808562     
   5.10849992434184        1.50249997774760      -0.329807621955791     
   5.10849992434184        1.80299997329712      -0.285156831915136     
   5.10849992434184        2.10349996884664      -0.249857690942469     
   5.10849992434184        2.40399996439616      -0.223018897417527     
   5.10849992434184        2.70449995994568      -0.202350571296785     
   5.10849992434184        3.00499995549520      -0.185276942749565     
   5.10849992434184        3.30549995104472      -0.169890328259408     
   5.10849992434184        3.60599994659424      -0.155376893078232     
   5.10849992434184        3.90649994214376      -0.141826953858019     
   5.10849992434184        4.20699993769328      -0.129668842881969     
   5.10849992434184        4.50749993324280      -0.119115974528337     
   5.10849992434184        4.80799992879232      -0.109948231514268     
   5.10849992434184        5.10849992434184      -0.101683934441015     
   5.10849992434184        5.40899991989136      -9.391981816084097E-002
   5.10849992434184        5.70949991544088      -8.653889189289986E-002
   5.10849992434184        6.00999991099040      -7.965470590809288E-002
   5.10849992434184        6.31049990653992      -7.340259395988827E-002
   5.10849992434184        6.61099990208944      -6.779684771569379E-002
   5.10849992434184        6.91149989763896      -6.277784537983422E-002
   5.10849992434184        7.21199989318848      -5.826733811622650E-002
   5.40899991989136       0.000000000000000E+000 -0.415434461625642     
   5.40899991989136       0.300499995549520      -0.407408657753777     
   5.40899991989136       0.600999991099040      -0.385658656441053     
   5.40899991989136       0.901499986648560      -0.354790165973843     
   5.40899991989136        1.20199998219808      -0.320381982303239     
   5.40899991989136        1.50249997774760      -0.286637015323755     
   5.40899991989136        1.80299997329712      -0.256113728276909     
   5.40899991989136        2.10349996884664      -0.230613554589559     
   5.40899991989136        2.40399996439616      -0.210005605523719     
   5.40899991989136        2.70449995994568      -0.192917620015695     
   5.40899991989136        3.00499995549520      -0.177741519684327     
   5.40899991989136        3.30549995104472      -0.163400330113787     
   5.40899991989136        3.60599994659424      -0.149622156376214     
   5.40899991989136        3.90649994214376      -0.136729280142740     
   5.40899991989136        4.20699993769328      -0.125172493766764     
   5.40899991989136        4.50749993324280      -0.115123783210827     
   5.40899991989136        4.80799992879232      -0.106369544704877     
   5.40899991989136        5.10849992434184      -9.850848561074860E-002
   5.40899991989136        5.40899991989136      -9.123538980179458E-002
   5.40899991989136        5.70949991544088      -8.447214674670855E-002
   5.40899991989136        6.00999991099040      -7.826657400531385E-002
   5.40899991989136        6.31049990653992      -7.259626096620414E-002
   5.40899991989136        6.61099990208944      -6.742228022549182E-002
   5.40899991989136        6.91149989763896      -6.266351951085423E-002
   5.40899991989136        7.21199989318848      -5.826103056177464E-002
   5.70949991544088       0.000000000000000E+000 -0.332980511506700     
   5.70949991544088       0.300499995549520      -0.328162160270230     
   5.70949991544088       0.600999991099040      -0.314880599460183     
   5.70949991544088       0.901499986648560      -0.295806299359948     
   5.70949991544088        1.20199998219808      -0.274032938700006     
   5.70949991544088        1.50249997774760      -0.252122664165232     
   5.70949991544088        1.80299997329712      -0.231599635571012     
   5.70949991544088        2.10349996884664      -0.213126058281751     
   5.70949991544088        2.40399996439616      -0.196973441753771     
   5.70949991544088        2.70449995994568      -0.182512197591603     
   5.70949991544088        3.00499995549520      -0.168925375881563     
   5.70949991544088        3.30549995104472      -0.155746740260280     
   5.70949991544088        3.60599994659424      -0.142988270520756     
   5.70949991544088        3.90649994214376      -0.130997884410927     
   5.70949991544088        4.20699993769328      -0.120180071376269     
   5.70949991544088        4.50749993324280      -0.110692584627604     
   5.70949991544088        4.80799992879232      -0.102375420033662     
   5.70949991544088        5.10849992434184      -9.494553381244847E-002
   5.70949991544088        5.40899991989136      -8.821754178348207E-002
   5.70949991544088        5.70949991544088      -8.214623673502373E-002
   5.70949991544088        6.00999991099040      -7.662002429958677E-002
   5.70949991544088        6.31049990653992      -7.154826825379949E-002
   5.70949991544088        6.61099990208944      -6.682519061991464E-002
   5.70949991544088        6.91149989763896      -6.233590767472855E-002
   5.70949991544088        7.21199989318848      -5.804987741439334E-002
   6.00999991099040       0.000000000000000E+000 -0.282335278668531     
   6.00999991099040       0.300499995549520      -0.278626800341590     
   6.00999991099040       0.600999991099040      -0.268838645431212     
   6.00999991099040       0.901499986648560      -0.255491360391272     
   6.00999991099040        1.20199998219808      -0.240684895760626     
   6.00999991099040        1.50249997774760      -0.225638843367139     
   6.00999991099040        1.80299997329712      -0.210951024762396     
   6.00999991099040        2.10349996884664      -0.196884919509463     
   6.00999991099040        2.40399996439616      -0.183642471432040     
   6.00999991099040        2.70449995994568      -0.171090207206546     
   6.00999991099040        3.00499995549520      -0.158999609080302     
   6.00999991099040        3.30549995104472      -0.147290304962652     
   6.00999991099040        3.60599994659424      -0.135911304088437     
   6.00999991099040        3.90649994214376      -0.124987491901186     
   6.00999991099040        4.20699993769328      -0.114915198592261     
   6.00999991099040        4.50749993324280      -0.105982048050723     
   6.00999991099040        4.80799992879232      -9.809915855973918E-002
   6.00999991099040        5.10849992434184      -9.109947728655367E-002
   6.00999991099040        5.40899991989136      -8.492260347958100E-002
   6.00999991099040        5.70949991544088      -7.951258581275741E-002
   6.00999991099040        6.00999991099040      -7.469027007778205E-002
   6.00999991099040        6.31049990653992      -7.026629588799464E-002
   6.00999991099040        6.61099990208944      -6.604148369530095E-002
   6.00999991099040        6.91149989763896      -6.185367004796702E-002
   6.00999991099040        7.21199989318848      -5.768787994055260E-002
   6.31049990653992       0.000000000000000E+000 -0.252828318335244     
   6.31049990653992       0.300499995549520      -0.248226722411555     
   6.31049990653992       0.600999991099040      -0.237802539439693     
   6.31049990653992       0.901499986648560      -0.226266694855320     
   6.31049990653992        1.20199998219808      -0.215092703348822     
   6.31049990653992        1.50249997774760      -0.204065557482975     
   6.31049990653992        1.80299997329712      -0.192840882724917     
   6.31049990653992        2.10349996884664      -0.181316893925382     
   6.31049990653992        2.40399996439616      -0.169910350467759     
   6.31049990653992        2.70449995994568      -0.158813796465962     
   6.31049990653992        3.00499995549520      -0.148200389986738     
   6.31049990653992        3.30549995104472      -0.138196979348624     
   6.31049990653992        3.60599994659424      -0.128509893999043     
   6.31049990653992        3.90649994214376      -0.118847343286145     
   6.31049990653992        4.20699993769328      -0.109520467934295     
   6.31049990653992        4.50749993324280      -0.101091796438525     
   6.31049990653992        4.80799992879232      -9.366609422584517E-002
   6.31049990653992        5.10849992434184      -8.706179757551956E-002
   6.31049990653992        5.40899991989136      -8.137654952335346E-002
   6.31049990653992        5.70949991544088      -7.661119939345561E-002
   6.31049990653992        6.00999991099040      -7.251262955915362E-002
   6.31049990653992        6.31049990653992      -6.876282976646199E-002
   6.31049990653992        6.61099990208944      -6.504469815879275E-002
   6.31049990653992        6.91149989763896      -6.119033885164120E-002
   6.31049990653992        7.21199989318848      -5.719212724675907E-002
   6.61099990208944       0.000000000000000E+000 -0.233189871023990     
   6.61099990208944       0.300499995549520      -0.224694689018764     
   6.61099990208944       0.600999991099040      -0.210434956466832     
   6.61099990208944       0.901499986648560      -0.200306904666928     
   6.61099990208944        1.20199998219808      -0.192417235593924     
   6.61099990208944        1.50249997774760      -0.184494031540022     
   6.61099990208944        1.80299997329712      -0.175759021867634     
   6.61099990208944        2.10349996884664      -0.166100980560364     
   6.61099990208944        2.40399996439616      -0.156003173212755     
   6.61099990208944        2.70449995994568      -0.146012999423324     
   6.61099990208944        3.00499995549520      -0.136723159847438     
   6.61099990208944        3.30549995104472      -0.128719814139275     
   6.61099990208944        3.60599994659424      -0.121247688238649     
   6.61099990208944        3.90649994214376      -0.112958171874148     
   6.61099990208944        4.20699993769328      -0.104350354410817     
   6.61099990208944        4.50749993324280      -9.624674855732654E-002
   6.61099990208944        4.80799992879232      -8.919734884372506E-002
   6.61099990208944        5.10849992434184      -8.292224017895261E-002
   6.61099990208944        5.40899991989136      -7.769906125662057E-002
   6.61099990208944        5.70949991544088      -7.354773228038107E-002
   6.61099990208944        6.00999991099040      -7.018951411768339E-002
   6.61099990208944        6.31049990653992      -6.715092983402726E-002
   6.61099990208944        6.61099990208944      -6.385897815245728E-002
   6.61099990208944        6.91149989763896      -6.029656216938609E-002
   6.61099990208944        7.21199989318848      -5.668648857601637E-002
   6.91149989763896       0.000000000000000E+000 -0.208192474050904     
   6.91149989763896       0.300499995549520      -0.194258846276659     
   6.91149989763896       0.600999991099040      -0.177796116633116     
   6.91149989763896       0.901499986648560      -0.173625344180726     
   6.91149989763896        1.20199998219808      -0.170629484054861     
   6.91149989763896        1.50249997774760      -0.165858931105499     
   6.91149989763896        1.80299997329712      -0.159321579889571     
   6.91149989763896        2.10349996884664      -0.151345986416694     
   6.91149989763896        2.40399996439616      -0.142503945523261     
   6.91149989763896        2.70449995994568      -0.133502099451948     
   6.91149989763896        3.00499995549520      -0.125442187050552     
   6.91149989763896        3.30549995104472      -0.119922735335071     
   6.91149989763896        3.60599994659424      -0.115314129744510     
   6.91149989763896        3.90649994214376      -0.107795830748659     
   6.91149989763896        4.20699993769328      -9.984246111284940E-002
   6.91149989763896        4.50749993324280      -9.192812424857015E-002
   6.91149989763896        4.80799992879232      -8.488313074847480E-002
   6.91149989763896        5.10849992434184      -7.887071361994376E-002
   6.91149989763896        5.40899991989136      -7.402476758363710E-002
   6.91149989763896        5.70949991544088      -7.044252851228301E-002
   6.91149989763896        6.00999991099040      -6.785280037477884E-002
   6.91149989763896        6.31049990653992      -6.574666736521038E-002
   6.91149989763896        6.61099990208944      -6.319825171304962E-002
   6.91149989763896        6.91149989763896      -5.984268703622726E-002
   6.91149989763896        7.21199989318848      -5.687793426597627E-002
   7.21199989318848       0.000000000000000E+000 -0.180537217712492     
   7.21199989318848       0.300499995549520      -0.165272118934539     
   7.21199989318848       0.600999991099040      -0.152091723951336     
   7.21199989318848       0.901499986648560      -0.152035203857434     
   7.21199989318848        1.20199998219808      -0.151796259883224     
   7.21199989318848        1.50249997774760      -0.149038725840394     
   7.21199989318848        1.80299997329712      -0.144161831011640     
   7.21199989318848        2.10349996884664      -0.137712216821033     
   7.21199989318848        2.40399996439616      -0.130253398527645     
   7.21199989318848        2.70449995994568      -0.122523029549863     
   7.21199989318848        3.00499995549520      -0.115902871308778     
   7.21199989318848        3.30549995104472      -0.112509733406908     
   7.21199989318848        3.60599994659424      -0.110082242206132     
   7.21199989318848        3.90649994214376      -0.103105921173779     
   7.21199989318848        4.20699993769328      -9.602855956976446E-002
   7.21199989318848        4.50749993324280      -8.806572319462731E-002
   7.21199989318848        4.80799992879232      -8.089451482657380E-002
   7.21199989318848        5.10849992434184      -7.499099289205777E-002
   7.21199989318848        5.40899991989136      -7.047918951217824E-002
   7.21199989318848        5.70949991544088      -6.734404763050832E-002
   7.21199989318848        6.00999991099040      -6.539257299845783E-002
   7.21199989318848        6.31049990653992      -6.427751380044096E-002
   7.21199989318848        6.61099990208944      -6.324785342484134E-002
   7.21199989318848        6.91149989763896      -6.059115193248055E-002
   7.21199989318848        7.21199989318848      -5.662441701312122E-002
