  0.000000000000000E+000  0.000000000000000E+000 -0.155032026916844     
  0.000000000000000E+000  0.300499995549520      -0.153025994557743     
  0.000000000000000E+000  0.600999991099040      -0.151703804168048     
  0.000000000000000E+000  0.901499986648560      -0.155107506534930     
  0.000000000000000E+000   1.20199998219808      -0.158160003793754     
  0.000000000000000E+000   1.50249997774760      -0.159829580120758     
  0.000000000000000E+000   1.80299997329712      -0.160207887915735     
  0.000000000000000E+000   2.10349996884664      -0.159560826839575     
  0.000000000000000E+000   2.40399996439616      -0.158203949938960     
  0.000000000000000E+000   2.70449995994568      -0.156356230421299     
  0.000000000000000E+000   3.00499995549520      -0.154384341412136     
  0.000000000000000E+000   3.30549995104472      -0.152582494336081     
  0.000000000000000E+000   3.60599994659424      -0.149590843251631     
  0.000000000000000E+000   3.90649994214376      -0.143507361433137     
  0.000000000000000E+000   4.20699993769328      -0.136008973642375     
  0.000000000000000E+000   4.50749993324280      -0.125996405514211     
  0.000000000000000E+000   4.80799992879232      -0.116400017935198     
  0.000000000000000E+000   5.10849992434184      -0.108309409073105     
  0.000000000000000E+000   5.40899991989136      -0.101928023745030     
  0.000000000000000E+000   5.70949991544088      -9.707589279733986E-002
  0.000000000000000E+000   6.00999991099040      -9.347884520576069E-002
  0.000000000000000E+000   6.31049990653992      -9.074654649493585E-002
  0.000000000000000E+000   6.61099990208944      -8.817414181960129E-002
  0.000000000000000E+000   6.91149989763896      -8.437359914394277E-002
  0.000000000000000E+000   7.21199989318848      -7.946191744296505E-002
  0.300499995549520       0.000000000000000E+000 -0.168239760455989     
  0.300499995549520       0.300499995549520      -0.164564157859331     
  0.300499995549520       0.600999991099040      -0.164989677943532     
  0.300499995549520       0.901499986648560      -0.171121830791927     
  0.300499995549520        1.20199998219808      -0.175570167111063     
  0.300499995549520        1.50249997774760      -0.177730412786277     
  0.300499995549520        1.80299997329712      -0.178122488391726     
  0.300499995549520        2.10349996884664      -0.177142994515328     
  0.300499995549520        2.40399996439616      -0.175106882191028     
  0.300499995549520        2.70449995994568      -0.171884331034014     
  0.300499995549520        3.00499995549520      -0.167458945346809     
  0.300499995549520        3.30549995104472      -0.162504641283611     
  0.300499995549520        3.60599994659424      -0.157721229236537     
  0.300499995549520        3.90649994214376      -0.151741422434586     
  0.300499995549520        4.20699993769328      -0.143780261399170     
  0.300499995549520        4.50749993324280      -0.133996659031560     
  0.300499995549520        4.80799992879232      -0.124445961034348     
  0.300499995549520        5.10849992434184      -0.116012251155533     
  0.300499995549520        5.40899991989136      -0.108988130023574     
  0.300499995549520        5.70949991544088      -0.103364320090183     
  0.300499995549520        6.00999991099040      -9.880668339876363E-002
  0.300499995549520        6.31049990653992      -9.476844205991879E-002
  0.300499995549520        6.61099990208944      -9.029531128756550E-002
  0.300499995549520        6.91149989763896      -8.509838004818344E-002
  0.300499995549520        7.21199989318848      -8.083375812115594E-002
  0.600999991099040       0.000000000000000E+000 -0.179519760510655     
  0.600999991099040       0.300499995549520      -0.182770482480169     
  0.600999991099040       0.600999991099040      -0.185431905019058     
  0.600999991099040       0.901499986648560      -0.190770227610771     
  0.600999991099040        1.20199998219808      -0.195208370677482     
  0.600999991099040        1.50249997774760      -0.197619890717935     
  0.600999991099040        1.80299997329712      -0.198086032504326     
  0.600999991099040        2.10349996884664      -0.196910535672106     
  0.600999991099040        2.40399996439616      -0.194414220105375     
  0.600999991099040        2.70449995994568      -0.190361731767635     
  0.600999991099040        3.00499995549520      -0.184313906204299     
  0.600999991099040        3.30549995104472      -0.176755471558637     
  0.600999991099040        3.60599994659424      -0.168913812207284     
  0.600999991099040        3.90649994214376      -0.161047437621793     
  0.600999991099040        4.20699993769328      -0.152135257430688     
  0.600999991099040        4.50749993324280      -0.142274189291539     
  0.600999991099040        4.80799992879232      -0.132729339894600     
  0.600999991099040        5.10849992434184      -0.123897159269845     
  0.600999991099040        5.40899991989136      -0.116220357998672     
  0.600999991099040        5.70949991544088      -0.109723367891423     
  0.600999991099040        6.00999991099040      -0.104060106041809     
  0.600999991099040        6.31049990653992      -9.871156862039966E-002
  0.600999991099040        6.61099990208944      -9.303443728823778E-002
  0.600999991099040        6.91149989763896      -8.709219662266905E-002
  0.600999991099040        7.21199989318848      -8.176275563374835E-002
  0.901499986648560       0.000000000000000E+000 -0.187352422247239     
  0.901499986648560       0.300499995549520      -0.196850263856551     
  0.901499986648560       0.600999991099040      -0.204128362037114     
  0.901499986648560       0.901499986648560      -0.210792375300057     
  0.901499986648560        1.20199998219808      -0.216068727459198     
  0.901499986648560        1.50249997774760      -0.219201509322506     
  0.901499986648560        1.80299997329712      -0.220036221976231     
  0.901499986648560        2.10349996884664      -0.218836835665289     
  0.901499986648560        2.40399996439616      -0.216104946105002     
  0.901499986648560        2.70449995994568      -0.211479441187811     
  0.901499986648560        3.00499995549520      -0.204557384989947     
  0.901499986648560        3.30549995104472      -0.195530768784553     
  0.901499986648560        3.60599994659424      -0.185238822629739     
  0.901499986648560        3.90649994214376      -0.174366797075784     
  0.901499986648560        4.20699993769328      -0.163137023426306     
  0.901499986648560        4.50749993324280      -0.152009937567604     
  0.901499986648560        4.80799992879232      -0.141616150581695     
  0.901499986648560        5.10849992434184      -0.132095830719560     
  0.901499986648560        5.40899991989136      -0.123561821867865     
  0.901499986648560        5.70949991544088      -0.116066391089169     
  0.901499986648560        6.00999991099040      -0.109254184818676     
  0.901499986648560        6.31049990653992      -0.102769411200636     
  0.901499986648560        6.61099990208944      -9.630909804032302E-002
  0.901499986648560        6.91149989763896      -8.983951255354632E-002
  0.901499986648560        7.21199989318848      -8.360790260403995E-002
   1.20199998219808       0.000000000000000E+000 -0.196589749651423     
   1.20199998219808       0.300499995549520      -0.209752210061416     
   1.20199998219808       0.600999991099040      -0.221207341321025     
   1.20199998219808       0.901499986648560      -0.230934295598643     
   1.20199998219808        1.20199998219808      -0.238375222978380     
   1.20199998219808        1.50249997774760      -0.242928893850548     
   1.20199998219808        1.80299997329712      -0.244392190821495     
   1.20199998219808        2.10349996884664      -0.243316439729753     
   1.20199998219808        2.40399996439616      -0.240132752867707     
   1.20199998219808        2.70449995994568      -0.234514663209192     
   1.20199998219808        3.00499995549520      -0.226337134045498     
   1.20199998219808        3.30549995104472      -0.215760655368583     
   1.20199998219808        3.60599994659424      -0.203279775449661     
   1.20199998219808        3.90649994214376      -0.189693216555559     
   1.20199998219808        4.20699993769328      -0.175936828568894     
   1.20199998219808        4.50749993324280      -0.162914059099757     
   1.20199998219808        4.80799992879232      -0.151097790454502     
   1.20199998219808        5.10849992434184      -0.140500503289528     
   1.20199998219808        5.40899991989136      -0.130933712180073     
   1.20199998219808        5.70949991544088      -0.122286533208059     
   1.20199998219808        6.00999991099040      -0.114262121044976     
   1.20199998219808        6.31049990653992      -0.106641583325115     
   1.20199998219808        6.61099990208944      -9.931371569603172E-002
   1.20199998219808        6.91149989763896      -9.224681889553783E-002
   1.20199998219808        7.21199989318848      -8.549354419928515E-002
   1.50249997774760       0.000000000000000E+000 -0.209525915421599     
   1.50249997774760       0.300499995549520      -0.225520534746411     
   1.50249997774760       0.600999991099040      -0.240497178937664     
   1.50249997774760       0.901499986648560      -0.253676703765909     
   1.50249997774760        1.20199998219808      -0.263946540279421     
   1.50249997774760        1.50249997774760      -0.270286142190575     
   1.50249997774760        1.80299997329712      -0.272471153012532     
   1.50249997774760        2.10349996884664      -0.271164911297429     
   1.50249997774760        2.40399996439616      -0.266637572636703     
   1.50249997774760        2.70449995994568      -0.259157267630659     
   1.50249997774760        3.00499995549520      -0.248962100218467     
   1.50249997774760        3.30549995104472      -0.236282678088138     
   1.50249997774760        3.60599994659424      -0.221554994289908     
   1.50249997774760        3.90649994214376      -0.205598152373084     
   1.50249997774760        4.20699993769328      -0.189537877982863     
   1.50249997774760        4.50749993324280      -0.174442152391680     
   1.50249997774760        4.80799992879232      -0.160912402028356     
   1.50249997774760        5.10849992434184      -0.148952255108883     
   1.50249997774760        5.40899991989136      -0.138198938719610     
   1.50249997774760        5.70949991544088      -0.128302667796181     
   1.50249997774760        6.00999991099040      -0.119033437349751     
   1.50249997774760        6.31049990653992      -0.110279121306812     
   1.50249997774760        6.61099990208944      -0.102073158703936     
   1.50249997774760        6.91149989763896      -9.443681176724471E-002
   1.50249997774760        7.21199989318848      -8.732931459006343E-002
   1.80299997329712       0.000000000000000E+000 -0.227541538022726     
   1.80299997329712       0.300499995549520      -0.246544566224403     
   1.80299997329712       0.600999991099040      -0.264973757191534     
   1.80299997329712       0.901499986648560      -0.281728536193649     
   1.80299997329712        1.20199998219808      -0.295056002100415     
   1.80299997329712        1.50249997774760      -0.303340035310873     
   1.80299997329712        1.80299997329712      -0.305993116733939     
   1.80299997329712        2.10349996884664      -0.303198160669272     
   1.80299997329712        2.40399996439616      -0.295857875357889     
   1.80299997329712        2.70449995994568      -0.285145171052950     
   1.80299997329712        3.00499995549520      -0.271935700864097     
   1.80299997329712        3.30549995104472      -0.256652926207981     
   1.80299997329712        3.60599994659424      -0.239602957898851     
   1.80299997329712        3.90649994214376      -0.221415749373650     
   1.80299997329712        4.20699993769328      -0.203153763981075     
   1.80299997329712        4.50749993324280      -0.185979092871463     
   1.80299997329712        4.80799992879232      -0.170640916873687     
   1.80299997329712        5.10849992434184      -0.157196570574649     
   1.80299997329712        5.40899991989136      -0.145181812112453     
   1.80299997329712        5.70949991544088      -0.134062950567667     
   1.80299997329712        6.00999991099040      -0.123583916978924     
   1.80299997329712        6.31049990653992      -0.113760272771104     
   1.80299997329712        6.61099990208944      -0.104740245826469     
   1.80299997329712        6.91149989763896      -9.659064922733866E-002
   1.80299997329712        7.21199989318848      -8.919077569027159E-002
   2.10349996884664       0.000000000000000E+000 -0.252104704207032     
   2.10349996884664       0.300499995549520      -0.274727313838079     
   2.10349996884664       0.600999991099040      -0.296800453772594     
   2.10349996884664       0.901499986648560      -0.317139204489280     
   2.10349996884664        1.20199998219808      -0.333435437269388     
   2.10349996884664        1.50249997774760      -0.343342482502211     
   2.10349996884664        1.80299997329712      -0.345341093543209     
   2.10349996884664        2.10349996884664      -0.339557087130365     
   2.10349996884664        2.40399996439616      -0.327716859218410     
   2.10349996884664        2.70449995994568      -0.312166601397134     
   2.10349996884664        3.00499995549520      -0.294712179406051     
   2.10349996884664        3.30549995104472      -0.276125498123146     
   2.10349996884664        3.60599994659424      -0.256546872320819     
   2.10349996884664        3.90649994214376      -0.236237507961966     
   2.10349996884664        4.20699993769328      -0.215982711972603     
   2.10349996884664        4.50749993324280      -0.196894441371417     
   2.10349996884664        4.80799992879232      -0.179827968666316     
   2.10349996884664        5.10849992434184      -0.164928791684812     
   2.10349996884664        5.40899991989136      -0.151697233562228     
   2.10349996884664        5.70949991544088      -0.139476047244060     
   2.10349996884664        6.00999991099040      -0.127930078513358     
   2.10349996884664        6.31049990653992      -0.117154244644478     
   2.10349996884664        6.61099990208944      -0.107409715967258     
   2.10349996884664        6.91149989763896      -9.881167158918142E-002
   2.10349996884664        7.21199989318848      -9.114650293150761E-002
   2.40399996439616       0.000000000000000E+000 -0.285517280232294     
   2.40399996439616       0.300499995549520      -0.312247131579430     
   2.40399996439616       0.600999991099040      -0.337755691666379     
   2.40399996439616       0.901499986648560      -0.360626272698121     
   2.40399996439616        1.20199998219808      -0.378650471518795     
   2.40399996439616        1.50249997774760      -0.388915880405702     
   2.40399996439616        1.80299997329712      -0.389037677000049     
   2.40399996439616        2.10349996884664      -0.378959271097144     
   2.40399996439616        2.40399996439616      -0.361202858084508     
   2.40399996439616        2.70449995994568      -0.339441345389928     
   2.40399996439616        3.00499995549520      -0.316636861966506     
   2.40399996439616        3.30549995104472      -0.294069505346142     
   2.40399996439616        3.60599994659424      -0.271729321673326     
   2.40399996439616        3.90649994214376      -0.249393529571228     
   2.40399996439616        4.20699993769328      -0.227398483682729     
   2.40399996439616        4.50749993324280      -0.206660656364521     
   2.40399996439616        4.80799992879232      -0.188066984970819     
   2.40399996439616        5.10849992434184      -0.171851531110511     
   2.40399996439616        5.40899991989136      -0.157525650831594     
   2.40399996439616        5.70949991544088      -0.144356088875867     
   2.40399996439616        6.00999991099040      -0.131936964736687     
   2.40399996439616        6.31049990653992      -0.120386991521152     
   2.40399996439616        6.61099990208944      -0.110067530252430     
   2.40399996439616        6.91149989763896      -0.101122215942748     
   2.40399996439616        7.21199989318848      -9.327065068786369E-002
   2.70449995994568       0.000000000000000E+000 -0.328268672571450     
   2.70449995994568       0.300499995549520      -0.359598817936704     
   2.70449995994568       0.600999991099040      -0.389024401455227     
   2.70449995994568       0.901499986648560      -0.412450433107503     
   2.70449995994568        1.20199998219808      -0.428155224399888     
   2.70449995994568        1.50249997774760      -0.436391183756777     
   2.70449995994568        1.80299997329712      -0.433373090641602     
   2.70449995994568        2.10349996884664      -0.418212381505378     
   2.70449995994568        2.40399996439616      -0.393885283360689     
   2.70449995994568        2.70449995994568      -0.365297588079853     
   2.70449995994568        3.00499995549520      -0.336628757234077     
   2.70449995994568        3.30549995104472      -0.309778739253914     
   2.70449995994568        3.60599994659424      -0.284625599401282     
   2.70449995994568        3.90649994214376      -0.260409174244113     
   2.70449995994568        4.20699993769328      -0.236940765657369     
   2.70449995994568        4.50749993324280      -0.214858865503300     
   2.70449995994568        4.80799992879232      -0.195008088258225     
   2.70449995994568        5.10849992434184      -0.177685741185793     
   2.70449995994568        5.40899991989136      -0.162437527294262     
   2.70449995994568        5.70949991544088      -0.148488295305623     
   2.70449995994568        6.00999991099040      -0.135371499373989     
   2.70449995994568        6.31049990653992      -0.123211257653686     
   2.70449995994568        6.61099990208944      -0.112448095633375     
   2.70449995994568        6.91149989763896      -0.103359957260339     
   2.70449995994568        7.21199989318848      -9.558700212446261E-002
   3.00499995549520       0.000000000000000E+000 -0.375149459586147     
   3.00499995549520       0.300499995549520      -0.411208718866700     
   3.00499995549520       0.600999991099040      -0.444053732023636     
   3.00499995549520       0.901499986648560      -0.468559350855781     
   3.00499995549520        1.20199998219808      -0.477368453178100     
   3.00499995549520        1.50249997774760      -0.479798844009572     
   3.00499995549520        1.80299997329712      -0.472587056514186     
   3.00499995549520        2.10349996884664      -0.452396249247207     
   3.00499995549520        2.40399996439616      -0.421979210307997     
   3.00499995549520        2.70449995994568      -0.387127527662076     
   3.00499995549520        3.00499995549520      -0.353084036258468     
   3.00499995549520        3.30549995104472      -0.322355931695685     
   3.00499995549520        3.60599994659424      -0.294722441718759     
   3.00499995549520        3.90649994214376      -0.268899068565944     
   3.00499995549520        4.20699993769328      -0.244235640983781     
   3.00499995549520        4.50749993324280      -0.221121628934241     
   3.00499995549520        4.80799992879232      -0.200319282330515     
   3.00499995549520        5.10849992434184      -0.182150515331810     
   3.00499995549520        5.40899991989136      -0.166193712073209     
   3.00499995549520        5.70949991544088      -0.151648686789849     
   3.00499995549520        6.00999991099040      -0.137988464264066     
   3.00499995549520        6.31049990653992      -0.125315514574960     
   3.00499995549520        6.61099990208944      -0.114195457957306     
   3.00499995549520        6.91149989763896      -0.105201406990152     
   3.00499995549520        7.21199989318848      -9.786188771256503E-002
   3.30549995104472       0.000000000000000E+000 -0.409648696143319     
   3.30549995104472       0.300499995549520      -0.452023029239988     
   3.30549995104472       0.600999991099040      -0.489013677496611     
   3.30549995104472       0.901499986648560      -0.513258968176683     
   3.30549995104472        1.20199998219808      -0.517199237999321     
   3.30549995104472        1.50249997774760      -0.511246601043498     
   3.30549995104472        1.80299997329712      -0.499955798201086     
   3.30549995104472        2.10349996884664      -0.475937663780835     
   3.30549995104472        2.40399996439616      -0.441171003407809     
   3.30549995104472        2.70449995994568      -0.401902708278061     
   3.30549995104472        3.00499995549520      -0.364097790173134     
   3.30549995104472        3.30549995104472      -0.330702833727032     
   3.30549995104472        3.60599994659424      -0.301380839508891     
   3.30549995104472        3.90649994214376      -0.274415421249854     
   3.30549995104472        4.20699993769328      -0.248895854375898     
   3.30549995104472        4.50749993324280      -0.225087740456518     
   3.30549995104472        4.80799992879232      -0.203675233677597     
   3.30549995104472        5.10849992434184      -0.184970187186929     
   3.30549995104472        5.40899991989136      -0.168563312795523     
   3.30549995104472        5.70949991544088      -0.153633428383984     
   3.30549995104472        6.00999991099040      -0.139579752411302     
   3.30549995104472        6.31049990653992      -0.126512601285827     
   3.30549995104472        6.61099990208944      -0.115062717091236     
   3.30549995104472        6.91149989763896      -0.106259596189972     
   3.30549995104472        7.21199989318848      -9.934189846910484E-002
   3.60599994659424       0.000000000000000E+000 -0.417295232527578     
   3.60599994659424       0.300499995549520      -0.466230294655665     
   3.60599994659424       0.600999991099040      -0.506490727885171     
   3.60599994659424       0.901499986648560      -0.530554145133933     
   3.60599994659424        1.20199998219808      -0.532742821080582     
   3.60599994659424        1.50249997774760      -0.522899616303163     
   3.60599994659424        1.80299997329712      -0.509828714364993     
   3.60599994659424        2.10349996884664      -0.484359270008485     
   3.60599994659424        2.40399996439616      -0.448008433872526     
   3.60599994659424        2.70449995994568      -0.407148081993104     
   3.60599994659424        3.00499995549520      -0.368000428524682     
   3.60599994659424        3.30549995104472      -0.333673846396907     
   3.60599994659424        3.60599994659424      -0.303765455573227     
   3.60599994659424        3.90649994214376      -0.276369113789220     
   3.60599994659424        4.20699993769328      -0.250516258964912     
   3.60599994659424        4.50749993324280      -0.226452018042624     
   3.60599994659424        4.80799992879232      -0.204825562654930     
   3.60599994659424        5.10849992434184      -0.185936512938884     
   3.60599994659424        5.40899991989136      -0.169375188232039     
   3.60599994659424        5.70949991544088      -0.154310234693012     
   3.60599994659424        6.00999991099040      -0.140106457830141     
   3.60599994659424        6.31049990653992      -0.126881892380721     
   3.60599994659424        6.61099990208944      -0.115273649251517     
   3.60599994659424        6.91149989763896      -0.106712384664698     
   3.60599994659424        7.21199989318848      -0.100290177629681     
   3.90649994214376       0.000000000000000E+000 -0.409658532914727     
   3.90649994214376       0.300499995549520      -0.452007159929776     
   3.90649994214376       0.600999991099040      -0.488995700401318     
   3.90649994214376       0.901499986648560      -0.513247619351326     
   3.90649994214376        1.20199998219808      -0.517195160238954     
   3.90649994214376        1.50249997774760      -0.511246959611558     
   3.90649994214376        1.80299997329712      -0.499958664529463     
   3.90649994214376        2.10349996884664      -0.475942164602824     
   3.90649994214376        2.40399996439616      -0.441176555373718     
   3.90649994214376        2.70449995994568      -0.401908662369195     
   3.90649994214376        3.00499995549520      -0.364103681524492     
   3.90649994214376        3.30549995104472      -0.330708383007081     
   3.90649994214376        3.60599994659424      -0.301385802957747     
   3.90649994214376        3.90649994214376      -0.274419784393829     
   3.90649994214376        4.20699993769328      -0.248899571760839     
   3.90649994214376        4.50749993324280      -0.225090951540615     
   3.90649994214376        4.80799992879232      -0.203678153173988     
   3.90649994214376        5.10849992434184      -0.184973129523439     
   3.90649994214376        5.40899991989136      -0.168566609182293     
   3.90649994214376        5.70949991544088      -0.153637500516662     
   3.90649994214376        6.00999991099040      -0.139585318720942     
   3.90649994214376        6.31049990653992      -0.126520707697581     
   3.90649994214376        6.61099990208944      -0.115073467288888     
   3.90649994214376        6.91149989763896      -0.106269458442196     
   3.90649994214376        7.21199989318848      -9.933814405911766E-002
   4.20699993769328       0.000000000000000E+000 -0.375167052160571     
   4.20699993769328       0.300499995549520      -0.411200074181828     
   4.20699993769328       0.600999991099040      -0.444036515992817     
   4.20699993769328       0.901499986648560      -0.468547552321941     
   4.20699993769328        1.20199998219808      -0.477365805240262     
   4.20699993769328        1.50249997774760      -0.479802272230379     
   4.20699993769328        1.80299997329712      -0.472594489931773     
   4.20699993769328        2.10349996884664      -0.452406417621592     
   4.20699993769328        2.40399996439616      -0.421990866102567     
   4.20699993769328        2.70449995994568      -0.387139642281334     
   4.20699993769328        3.00499995549520      -0.353095765026882     
   4.20699993769328        3.30549995104472      -0.322366782897802     
   4.20699993769328        3.60599994659424      -0.294732123012829     
   4.20699993769328        3.90649994214376      -0.268907529739168     
   4.20699993769328        4.20699993769328      -0.244242886328961     
   4.20699993769328        4.50749993324280      -0.221127848128974     
   4.20699993769328        4.80799992879232      -0.200324856299922     
   4.20699993769328        5.10849992434184      -0.182155981758099     
   4.20699993769328        5.40899991989136      -0.166199696618547     
   4.20699993769328        5.70949991544088      -0.151655830123158     
   4.20699993769328        6.00999991099040      -0.137997595648936     
   4.20699993769328        6.31049990653992      -0.125327727326438     
   4.20699993769328        6.61099990208944      -0.114209391232026     
   4.20699993769328        6.91149989763896      -0.105210738476845     
   4.20699993769328        7.21199989318848      -9.785697068230566E-002
   4.50749993324280       0.000000000000000E+000 -0.328281918659406     
   4.50749993324280       0.300499995549520      -0.359597088525728     
   4.50749993324280       0.600999991099040      -0.389016348251166     
   4.50749993324280       0.901499986648560      -0.412446690714539     
   4.50749993324280        1.20199998219808      -0.428158672699025     
   4.50749993324280        1.50249997774760      -0.436400712167410     
   4.50749993324280        1.80299997329712      -0.433387211391605     
   4.50749993324280        2.10349996884664      -0.418229461748313     
   4.50749993324280        2.40399996439616      -0.393903647264882     
   4.50749993324280        2.70449995994568      -0.365315830596515     
   4.50749993324280        3.00499995549520      -0.336645910567227     
   4.50749993324280        3.30549995104472      -0.309794318078714     
   4.50749993324280        3.60599994659424      -0.284639460337880     
   4.50749993324280        3.90649994214376      -0.260421325900572     
   4.50749993324280        4.20699993769328      -0.236951279569350     
   4.50749993324280        4.50749993324280      -0.214867890493443     
   4.50749993324280        4.80799992879232      -0.195016017976831     
   4.50749993324280        5.10849992434184      -0.177693211031933     
   4.50749993324280        5.40899991989136      -0.162445355584593     
   4.50749993324280        5.70949991544088      -0.148497229133437     
   4.50749993324280        6.00999991099040      -0.135382178246541     
   4.50749993324280        6.31049990653992      -0.123224134558348     
   4.50749993324280        6.61099990208944      -0.112461981784870     
   4.50749993324280        6.91149989763896      -0.103370057873929     
   4.50749993324280        7.21199989318848      -9.558848903547959E-002
   4.80799992879232       0.000000000000000E+000 -0.285519601161897     
   4.80799992879232       0.300499995549520      -0.312245558287183     
   4.80799992879232       0.600999991099040      -0.337754695586959     
   4.80799992879232       0.901499986648560      -0.360630421200020     
   4.80799992879232        1.20199998219808      -0.378661328847046     
   4.80799992879232        1.50249997774760      -0.388932902348997     
   4.80799992879232        1.80299997329712      -0.389059297730013     
   4.80799992879232        2.10349996884664      -0.378983402598390     
   4.80799992879232        2.40399996439616      -0.361227463608655     
   4.80799992879232        2.70449995994568      -0.339464861901808     
   4.80799992879232        3.00499995549520      -0.316658393054241     
   4.80799992879232        3.30549995104472      -0.294088903101609     
   4.80799992879232        3.60599994659424      -0.271746664519193     
   4.80799992879232        3.90649994214376      -0.249409015363204     
   4.80799992879232        4.20699993769328      -0.227412136656051     
   4.80799992879232        4.50749993324280      -0.206672496778001     
   4.80799992879232        4.80799992879232      -0.188077227983635     
   4.80799992879232        5.10849992434184      -0.171860777497059     
   4.80799992879232        5.40899991989136      -0.157534736890831     
   4.80799992879232        5.70949991544088      -0.144365852573310     
   4.80799992879232        6.00999991099040      -0.131948001940706     
   4.80799992879232        6.31049990653992      -0.120399465346729     
   4.80799992879232        6.61099990208944      -0.110080882387542     
   4.80799992879232        6.91149989763896      -0.101134740295937     
   4.80799992879232        7.21199989318848      -9.328026390858794E-002
   5.10849992434184       0.000000000000000E+000 -0.252092786504194     
   5.10849992434184       0.300499995549520      -0.274719904652806     
   5.10849992434184       0.600999991099040      -0.296800644373901     
   5.10849992434184       0.901499986648560      -0.317148255531920     
   5.10849992434184        1.20199998219808      -0.333452710072998     
   5.10849992434184        1.50249997774760      -0.343366223328068     
   5.10849992434184        1.80299997329712      -0.345369021117256     
   5.10849992434184        2.10349996884664      -0.339586672714134     
   5.10849992434184        2.40399996439616      -0.327745864721079     
   5.10849992434184        2.70449995994568      -0.312193525780195     
   5.10849992434184        3.00499995549520      -0.294736473577481     
   5.10849992434184        3.30549995104472      -0.276147443026596     
   5.10849992434184        3.60599994659424      -0.256567010378924     
   5.10849992434184        3.90649994214376      -0.236256143690121     
   5.10849992434184        4.20699993769328      -0.215999688276077     
   5.10849992434184        4.50749993324280      -0.196909447150004     
   5.10849992434184        4.80799992879232      -0.179840912428947     
   5.10849992434184        5.10849992434184      -0.164940014356385     
   5.10849992434184        5.40899991989136      -0.151707478033958     
   5.10849992434184        5.70949991544088      -0.139486173928458     
   5.10849992434184        6.00999991099040      -0.127940762498218     
   5.10849992434184        6.31049990653992      -0.117165941860976     
   5.10849992434184        6.61099990208944      -0.107422830572376     
   5.10849992434184        6.91149989763896      -9.882647528832873E-002
   5.10849992434184        7.21199989318848      -9.116298981983355E-002
   5.40899991989136       0.000000000000000E+000 -0.227514504533392     
   5.40899991989136       0.300499995549520      -0.246526441833039     
   5.40899991989136       0.600999991099040      -0.264969879037479     
   5.40899991989136       0.901499986648560      -0.281739507627457     
   5.40899991989136        1.20199998219808      -0.295078040217359     
   5.40899991989136        1.50249997774760      -0.303368456014513     
   5.40899991989136        1.80299997329712      -0.306024720983243     
   5.40899991989136        2.10349996884664      -0.303230283869858     
   5.40899991989136        2.40399996439616      -0.295888410271544     
   5.40899991989136        2.70449995994568      -0.285173001027003     
   5.40899991989136        3.00499995549520      -0.271960826718482     
   5.40899991989136        3.30549995104472      -0.256676237036204     
   5.40899991989136        3.60599994659424      -0.239625381024205     
   5.40899991989136        3.90649994214376      -0.221437613595194     
   5.40899991989136        4.20699993769328      -0.203174587475212     
   5.40899991989136        4.50749993324280      -0.185997996864486     
   5.40899991989136        4.80799992879232      -0.170657264884775     
   5.40899991989136        5.10849992434184      -0.157210344458811     
   5.40899991989136        5.40899991989136      -0.145193538554952     
   5.40899991989136        5.70949991544088      -0.134073343319216     
   5.40899991989136        6.00999991099040      -0.123593587187258     
   5.40899991989136        6.31049990653992      -0.113769962967124     
   5.40899991989136        6.61099990208944      -0.104751270650626     
   5.40899991989136        6.91149989763896      -9.660531482792548E-002
   5.40899991989136        7.21199989318848      -8.921107926904420E-002
   5.70949991544088       0.000000000000000E+000 -0.209482645167797     
   5.70949991544088       0.300499995549520      -0.225486760391539     
   5.70949991544088       0.600999991099040      -0.240484281930382     
   5.70949991544088       0.901499986648560      -0.253686275007826     
   5.70949991544088        1.20199998219808      -0.263971249884341     
   5.70949991544088        1.50249997774760      -0.270317326152298     
   5.70949991544088        1.80299997329712      -0.272503591623996     
   5.70949991544088        2.10349996884664      -0.271196395771343     
   5.70949991544088        2.40399996439616      -0.266666719009289     
   5.70949991544088        2.70449995994568      -0.259183593631521     
   5.70949991544088        3.00499995549520      -0.248986305055214     
   5.70949991544088        3.30549995104472      -0.236306333964563     
   5.70949991544088        3.60599994659424      -0.221579584733981     
   5.70949991544088        3.90649994214376      -0.205623860207972     
   5.70949991544088        4.20699993769328      -0.189563418207232     
   5.70949991544088        4.50749993324280      -0.174465792543688     
   5.70949991544088        4.80799992879232      -0.160932891409287     
   5.70949991544088        5.10849992434184      -0.148969209868567     
   5.70949991544088        5.40899991989136      -0.138212624531725     
   5.70949991544088        5.70949991544088      -0.128313565347679     
   5.70949991544088        6.00999991099040      -0.119041950799959     
   5.70949991544088        6.31049990653992      -0.110285391470939     
   5.70949991544088        6.61099990208944      -0.102078791486205     
   5.70949991544088        6.91149989763896      -9.444698826683041E-002
   5.70949991544088        7.21199989318848      -8.735007537862086E-002
   6.00999991099040       0.000000000000000E+000 -0.196530786806558     
   6.00999991099040       0.300499995549520      -0.209698186873028     
   6.00999991099040       0.600999991099040      -0.221183612302234     
   6.00999991099040       0.901499986648560      -0.230943330526119     
   6.00999991099040        1.20199998219808      -0.238402710757024     
   6.00999991099040        1.50249997774760      -0.242961417059420     
   6.00999991099040        1.80299997329712      -0.244423341653941     
   6.00999991099040        2.10349996884664      -0.243344893124515     
   6.00999991099040        2.40399996439616      -0.240158390795372     
   6.00999991099040        2.70449995994568      -0.234537686771723     
   6.00999991099040        3.00499995549520      -0.226358823500794     
   6.00999991099040        3.30549995104472      -0.215783696911157     
   6.00999991099040        3.60599994659424      -0.203306966868858     
   6.00999991099040        3.90649994214376      -0.189724377161268     
   6.00999991099040        4.20699993769328      -0.175968729116519     
   6.00999991099040        4.50749993324280      -0.162943445460635     
   6.00999991099040        4.80799992879232      -0.151122957415155     
   6.00999991099040        5.10849992434184      -0.140521009497490     
   6.00999991099040        5.40899991989136      -0.130949836494677     
   6.00999991099040        5.70949991544088      -0.122299108859700     
   6.00999991099040        6.00999991099040      -0.114271280559475     
   6.00999991099040        6.31049990653992      -0.106645634510280     
   6.00999991099040        6.61099990208944      -9.931205484083032E-002
   6.00999991099040        6.91149989763896      -9.224734700309400E-002
   6.00999991099040        7.21199989318848      -8.551102408163250E-002
   6.31049990653992       0.000000000000000E+000 -0.187281927146528     
   6.31049990653992       0.300499995549520      -0.196773944697778     
   6.31049990653992       0.600999991099040      -0.204101447114775     
   6.31049990653992       0.901499986648560      -0.210810087159441     
   6.31049990653992        1.20199998219808      -0.216102966767653     
   6.31049990653992        1.50249997774760      -0.219235146545331     
   6.31049990653992        1.80299997329712      -0.220064393045543     
   6.31049990653992        2.10349996884664      -0.218860744572957     
   6.31049990653992        2.40399996439616      -0.216126021653856     
   6.31049990653992        2.70449995994568      -0.211498133702634     
   6.31049990653992        3.00499995549520      -0.204575191717245     
   6.31049990653992        3.30549995104472      -0.195552189562197     
   6.31049990653992        3.60599994659424      -0.185269059384546     
   6.31049990653992        3.90649994214376      -0.174405849473600     
   6.31049990653992        4.20699993769328      -0.163178167382242     
   6.31049990653992        4.50749993324280      -0.152046440282226     
   6.31049990653992        4.80799992879232      -0.141646076701242     
   6.31049990653992        5.10849992434184      -0.132119776161588     
   6.31049990653992        5.40899991989136      -0.123580948704046     
   6.31049990653992        5.70949991544088      -0.116082963465885     
   6.31049990653992        6.00999991099040      -0.109269245398798     
   6.31049990653992        6.31049990653992      -0.102779509121579     
   6.31049990653992        6.61099990208944      -9.630607811311540E-002
   6.31049990653992        6.91149989763896      -8.982720737783326E-002
   6.31049990653992        7.21199989318848      -8.361850649585024E-002
   6.61099990208944       0.000000000000000E+000 -0.179446673616625     
   6.61099990208944       0.300499995549520      -0.182684201287713     
   6.61099990208944       0.600999991099040      -0.185431050644268     
   6.61099990208944       0.901499986648560      -0.190811275421123     
   6.61099990208944        1.20199998219808      -0.195251074752333     
   6.61099990208944        1.50249997774760      -0.197652322490317     
   6.61099990208944        1.80299997329712      -0.198109020076110     
   6.61099990208944        2.10349996884664      -0.196928673072750     
   6.61099990208944        2.40399996439616      -0.194430715597150     
   6.61099990208944        2.70449995994568      -0.190377049552822     
   6.61099990208944        3.00499995549520      -0.184329244549607     
   6.61099990208944        3.30549995104472      -0.176774651311755     
   6.61099990208944        3.60599994659424      -0.168945855024241     
   6.61099990208944        3.90649994214376      -0.161094734294493     
   6.61099990208944        4.20699993769328      -0.152185705067487     
   6.61099990208944        4.50749993324280      -0.142317701928673     
   6.61099990208944        4.80799992879232      -0.132763192794295     
   6.61099990208944        5.10849992434184      -0.123923681669267     
   6.61099990208944        5.40899991989136      -0.116242625550050     
   6.61099990208944        5.70949991544088      -0.109745808107857     
   6.61099990208944        6.00999991099040      -0.104087333511948     
   6.61099990208944        6.31049990653992      -9.874405641353139E-002
   6.61099990208944        6.61099990208944      -9.305670735875786E-002
   6.61099990208944        6.91149989763896      -8.707898324687620E-002
   6.61099990208944        7.21199989318848      -8.176736786605289E-002
   6.91149989763896       0.000000000000000E+000 -0.168175638318049     
   6.91149989763896       0.300499995549520      -0.164541365855975     
   6.91149989763896       0.600999991099040      -0.165046127535167     
   6.91149989763896       0.901499986648560      -0.171177773658822     
   6.91149989763896        1.20199998219808      -0.175608007107401     
   6.91149989763896        1.50249997774760      -0.177752880470899     
   6.91149989763896        1.80299997329712      -0.178136014609050     
   6.91149989763896        2.10349996884664      -0.177153876777613     
   6.91149989763896        2.40399996439616      -0.175119350624810     
   6.91149989763896        2.70449995994568      -0.171899595832459     
   6.91149989763896        3.00499995549520      -0.167476444045547     
   6.91149989763896        3.30549995104472      -0.162522846465917     
   6.91149989763896        3.60599994659424      -0.157749243012715     
   6.91149989763896        3.90649994214376      -0.151790581351664     
   6.91149989763896        4.20699993769328      -0.143832914586720     
   6.91149989763896        4.50749993324280      -0.134041468881344     
   6.91149989763896        4.80799992879232      -0.124480924051418     
   6.91149989763896        5.10849992434184      -0.116039714832702     
   6.91149989763896        5.40899991989136      -0.109012419965010     
   6.91149989763896        5.70949991544088      -0.103391037268753     
   6.91149989763896        6.00999991099040      -9.884410260588218E-002
   6.91149989763896        6.31049990653992      -9.482736463957386E-002
   6.91149989763896        6.61099990208944      -9.037579393686924E-002
   6.91149989763896        6.91149989763896      -8.514086232387830E-002
   6.91149989763896        7.21199989318848      -8.085127307301147E-002
   7.21199989318848       0.000000000000000E+000 -0.155000854388558     
   7.21199989318848       0.300499995549520      -0.153028728901845     
   7.21199989318848       0.600999991099040      -0.151728434027937     
   7.21199989318848       0.901499986648560      -0.155124770950054     
   7.21199989318848        1.20199998219808      -0.158167252473895     
   7.21199989318848        1.50249997774760      -0.159830614396237     
   7.21199989318848        1.80299997329712      -0.160207046547616     
   7.21199989318848        2.10349996884664      -0.159562326990485     
   7.21199989318848        2.40399996439616      -0.158211716015724     
   7.21199989318848        2.70449995994568      -0.156371787186661     
   7.21199989318848        3.00499995549520      -0.154406760932515     
   7.21199989318848        3.30549995104472      -0.152605812253353     
   7.21199989318848        3.60599994659424      -0.149607874272899     
   7.21199989318848        3.90649994214376      -0.143539546837902     
   7.21199989318848        4.20699993769328      -0.136047346220146     
   7.21199989318848        4.50749993324280      -0.126032634822279     
   7.21199989318848        4.80799992879232      -0.116431014600438     
   7.21199989318848        5.10849992434184      -0.108335543581590     
   7.21199989318848        5.40899991989136      -0.101952345991408     
   7.21199989318848        5.70949991544088      -9.710227664474094E-002
   7.21199989318848        6.00999991099040      -9.351343864675085E-002
   7.21199989318848        6.31049990653992      -9.079831689030179E-002
   7.21199989318848        6.61099990208944      -8.824832429162961E-002
   7.21199989318848        6.91149989763896      -8.444111268012085E-002
   7.21199989318848        7.21199989318848      -7.949922477856590E-002
