  0.000000000000000E+000  0.000000000000000E+000 -0.113875927375460     
  0.000000000000000E+000  0.300499995549520      -0.118548384114094     
  0.000000000000000E+000  0.600999991099040      -0.122396930955687     
  0.000000000000000E+000  0.901499986648560      -0.126085355758413     
  0.000000000000000E+000   1.20199998219808      -0.129826234167276     
  0.000000000000000E+000   1.50249997774760      -0.133943199795310     
  0.000000000000000E+000   1.80299997329712      -0.138693782376160     
  0.000000000000000E+000   2.10349996884664      -0.144314084514866     
  0.000000000000000E+000   2.40399996439616      -0.151159178535468     
  0.000000000000000E+000   2.70449995994568      -0.158922973144226     
  0.000000000000000E+000   3.00499995549520      -0.165916315711212     
  0.000000000000000E+000   3.30549995104472      -0.168590731095888     
  0.000000000000000E+000   3.60599994659424      -0.168054387317446     
  0.000000000000000E+000   3.90649994214376      -0.168587149573012     
  0.000000000000000E+000   4.20699993769328      -0.165909833148684     
  0.000000000000000E+000   4.50749993324280      -0.158913909807657     
  0.000000000000000E+000   4.80799992879232      -0.151147922211195     
  0.000000000000000E+000   5.10849992434184      -0.144300339884194     
  0.000000000000000E+000   5.40899991989136      -0.138677636158005     
  0.000000000000000E+000   5.70949991544088      -0.133924906254110     
  0.000000000000000E+000   6.00999991099040      -0.129806032877221     
  0.000000000000000E+000   6.31049990653992      -0.126063369836019     
  0.000000000000000E+000   6.61099990208944      -0.122372839214740     
  0.000000000000000E+000   6.91149989763896      -0.118521516526638     
  0.000000000000000E+000   7.21199989318848      -0.113849803274188     
  0.300499995549520       0.000000000000000E+000 -0.118546962968425     
  0.300499995549520       0.300499995549520      -0.121721810862171     
  0.300499995549520       0.600999991099040      -0.128199014981725     
  0.300499995549520       0.901499986648560      -0.134866331240099     
  0.300499995549520        1.20199998219808      -0.140460297074952     
  0.300499995549520        1.50249997774760      -0.145842971561855     
  0.300499995549520        1.80299997329712      -0.151578661181428     
  0.300499995549520        2.10349996884664      -0.157921294169928     
  0.300499995549520        2.40399996439616      -0.164861920313962     
  0.300499995549520        2.70449995994568      -0.171574642349337     
  0.300499995549520        3.00499995549520      -0.176013422081775     
  0.300499995549520        3.30549995104472      -0.175813149426803     
  0.300499995549520        3.60599994659424      -0.174003447955543     
  0.300499995549520        3.90649994214376      -0.175794728033401     
  0.300499995549520        4.20699993769328      -0.175993120003835     
  0.300499995549520        4.50749993324280      -0.171557686694134     
  0.300499995549520        4.80799992879232      -0.164848244565418     
  0.300499995549520        5.10849992434184      -0.157909064584152     
  0.300499995549520        5.40899991989136      -0.151566768475473     
  0.300499995549520        5.70949991544088      -0.145831231086359     
  0.300499995549520        6.00999991099040      -0.140448520914514     
  0.300499995549520        6.31049990653992      -0.134853741018895     
  0.300499995549520        6.61099990208944      -0.128183614242267     
  0.300499995549520        6.91149989763896      -0.121702003187432     
  0.300499995549520        7.21199989318848      -0.118519026744268     
  0.600999991099040       0.000000000000000E+000 -0.122394886790965     
  0.600999991099040       0.300499995549520      -0.128197671236750     
  0.600999991099040       0.600999991099040      -0.135857561544986     
  0.600999991099040       0.901499986648560      -0.144072280988617     
  0.600999991099040        1.20199998219808      -0.151458921219733     
  0.600999991099040        1.50249997774760      -0.158448875812043     
  0.600999991099040        1.80299997329712      -0.165539041396416     
  0.600999991099040        2.10349996884664      -0.172919475896627     
  0.600999991099040        2.40399996439616      -0.180327835847956     
  0.600999991099040        2.70449995994568      -0.186626728633897     
  0.600999991099040        3.00499995549520      -0.189860657135092     
  0.600999991099040        3.30549995104472      -0.188978142052349     
  0.600999991099040        3.60599994659424      -0.187424177714579     
  0.600999991099040        3.90649994214376      -0.188960941278288     
  0.600999991099040        4.20699993769328      -0.189839176387116     
  0.600999991099040        4.50749993324280      -0.186608887326986     
  0.600999991099040        4.80799992879232      -0.180315245830051     
  0.600999991099040        5.10849992434184      -0.172910100554896     
  0.600999991099040        5.40899991989136      -0.165531900222086     
  0.600999991099040        5.70949991544088      -0.158443629642697     
  0.600999991099040        6.00999991099040      -0.151455187770698     
  0.600999991099040        6.31049990653992      -0.144068878570438     
  0.600999991099040        6.61099990208944      -0.135850975245871     
  0.600999991099040        6.91149989763896      -0.128181328578895     
  0.600999991099040        7.21199989318848      -0.122368993552544     
  0.901499986648560       0.000000000000000E+000 -0.126084274924313     
  0.901499986648560       0.300499995549520      -0.134865379968914     
  0.901499986648560       0.600999991099040      -0.144071802309802     
  0.901499986648560       0.901499986648560      -0.153540489806801     
  0.901499986648560        1.20199998219808      -0.162719360116825     
  0.901499986648560        1.50249997774760      -0.171671035633921     
  0.901499986648560        1.80299997329712      -0.180637490656163     
  0.901499986648560        2.10349996884664      -0.189720559702505     
  0.901499986648560        2.40399996439616      -0.198599779798822     
  0.901499986648560        2.70449995994568      -0.206268101290514     
  0.901499986648560        3.00499995549520      -0.211296376923549     
  0.901499986648560        3.30549995104472      -0.213091989117443     
  0.901499986648560        3.60599994659424      -0.213225893555725     
  0.901499986648560        3.90649994214376      -0.213080917957439     
  0.901499986648560        4.20699993769328      -0.211281244540033     
  0.901499986648560        4.50749993324280      -0.206255296908540     
  0.901499986648560        4.80799992879232      -0.198590857583426     
  0.901499986648560        5.10849992434184      -0.189714917483685     
  0.901499986648560        5.40899991989136      -0.180634700863828     
  0.901499986648560        5.70949991544088      -0.171670586047945     
  0.901499986648560        6.00999991099040      -0.162720386050041     
  0.901499986648560        6.31049990653992      -0.153541100338018     
  0.901499986648560        6.61099990208944      -0.144067942113216     
  0.901499986648560        6.91149989763896      -0.134851582242075     
  0.901499986648560        7.21199989318848      -0.126060190829176     
   1.20199998219808       0.000000000000000E+000 -0.129825602750965     
   1.20199998219808       0.300499995549520      -0.140459469540941     
   1.20199998219808       0.600999991099040      -0.151458035694093     
   1.20199998219808       0.901499986648560      -0.162718735155126     
   1.20199998219808        1.20199998219808      -0.174027996032312     
   1.20199998219808        1.50249997774760      -0.185347980619295     
   1.20199998219808        1.80299997329712      -0.196734575402115     
   1.20199998219808        2.10349996884664      -0.208254588966662     
   1.20199998219808        2.40399996439616      -0.219511647402111     
   1.20199998219808        2.70449995994568      -0.229528758939951     
   1.20199998219808        3.00499995549520      -0.237230664899427     
   1.20199998219808        3.30549995104472      -0.241829392834410     
   1.20199998219808        3.60599994659424      -0.243287479583843     
   1.20199998219808        3.90649994214376      -0.241823717328618     
   1.20199998219808        4.20699993769328      -0.237222707880427     
   1.20199998219808        4.50749993324280      -0.229521796619870     
   1.20199998219808        4.80799992879232      -0.219507170215290     
   1.20199998219808        5.10849992434184      -0.208252810103356     
   1.20199998219808        5.40899991989136      -0.196735214544683     
   1.20199998219808        5.70949991544088      -0.185350281436928     
   1.20199998219808        6.00999991099040      -0.174030641449186     
   1.20199998219808        6.31049990653992      -0.162719575286574     
   1.20199998219808        6.61099990208944      -0.151453703001475     
   1.20199998219808        6.91149989763896      -0.140446424218499     
   1.20199998219808        7.21199989318848      -0.129803155485460     
   1.50249997774760       0.000000000000000E+000 -0.133942328659993     
   1.50249997774760       0.300499995549520      -0.145841634845604     
   1.50249997774760       0.600999991099040      -0.158447258971710     
   1.50249997774760       0.901499986648560      -0.171669604168699     
   1.50249997774760        1.20199998219808      -0.185347205692004     
   1.50249997774760        1.50249997774760      -0.199336456226055     
   1.50249997774760        1.80299997329712      -0.213609518285206     
   1.50249997774760        2.10349996884664      -0.228122550090274     
   1.50249997774760        2.40399996439616      -0.242206924624266     
   1.50249997774760        2.70449995994568      -0.254881474194067     
   1.50249997774760        3.00499995549520      -0.265008682414164     
   1.50249997774760        3.30549995104472      -0.271536320750092     
   1.50249997774760        3.60599994659424      -0.273783434727999     
   1.50249997774760        3.90649994214376      -0.271533958564420     
   1.50249997774760        4.20699993769328      -0.265005473077267     
   1.50249997774760        4.50749993324280      -0.254879159684142     
   1.50249997774760        4.80799992879232      -0.242206534106471     
   1.50249997774760        5.10849992434184      -0.228124135751698     
   1.50249997774760        5.40899991989136      -0.213612437865299     
   1.50249997774760        5.70949991544088      -0.199339785653311     
   1.50249997774760        6.00999991099040      -0.185349494732465     
   1.50249997774760        6.31049990653992      -0.171668969608839     
   1.50249997774760        6.61099990208944      -0.158441460148452     
   1.50249997774760        6.91149989763896      -0.145828683905729     
   1.50249997774760        7.21199989318848      -0.133921802696646     
   1.80299997329712       0.000000000000000E+000 -0.138692235457301     
   1.80299997329712       0.300499995549520      -0.151576424759248     
   1.80299997329712       0.600999991099040      -0.165536524853012     
   1.80299997329712       0.901499986648560      -0.180635337703173     
   1.80299997329712        1.20199998219808      -0.196733321034055     
   1.80299997329712        1.50249997774760      -0.213609198124720     
   1.80299997329712        1.80299997329712      -0.231089708511788     
   1.80299997329712        2.10349996884664      -0.248674174771856     
   1.80299997329712        2.40399996439616      -0.265585045675712     
   1.80299997329712        2.70449995994568      -0.280783241365611     
   1.80299997329712        3.00499995549520      -0.293007584724576     
   1.80299997329712        3.30549995104472      -0.300981748061895     
   1.80299997329712        3.60599994659424      -0.303755358162748     
   1.80299997329712        3.90649994214376      -0.300981327372619     
   1.80299997329712        4.20699993769328      -0.293007463200188     
   1.80299997329712        4.50749993324280      -0.280784365674331     
   1.80299997329712        4.80799992879232      -0.265587800707237     
   1.80299997329712        5.10849992434184      -0.248678134817911     
   1.80299997329712        5.40899991989136      -0.231093823506319     
   1.80299997329712        5.70949991544088      -0.213612192501073     
   1.80299997329712        6.00999991099040      -0.196734030319907     
   1.80299997329712        6.31049990653992      -0.180632473464569     
   1.80299997329712        6.61099990208944      -0.165528976003338     
   1.80299997329712        6.91149989763896      -0.151563517395202     
   1.80299997329712        7.21199989318848      -0.138674087772296     
   2.10349996884664       0.000000000000000E+000 -0.144311588783013     
   2.10349996884664       0.300499995549520      -0.157917930628018     
   2.10349996884664       0.600999991099040      -0.172916055381242     
   2.10349996884664       0.901499986648560      -0.189718038821112     
   2.10349996884664        1.20199998219808      -0.208253516447342     
   2.10349996884664        1.50249997774760      -0.228122781711310     
   2.10349996884664        1.80299997329712      -0.248674892614203     
   2.10349996884664        2.10349996884664      -0.269117933706287     
   2.10349996884664        2.40399996439616      -0.288541884885756     
   2.10349996884664        2.70449995994568      -0.305845996762400     
   2.10349996884664        3.00499995549520      -0.319701991741112     
   2.10349996884664        3.30549995104472      -0.328724474617919     
   2.10349996884664        3.60599994659424      -0.331860405064137     
   2.10349996884664        3.90649994214376      -0.328725221958107     
   2.10349996884664        4.20699993769328      -0.319703870983933     
   2.10349996884664        4.50749993324280      -0.305849272434349     
   2.10349996884664        4.80799992879232      -0.288546391957761     
   2.10349996884664        5.10849992434184      -0.269122882154333     
   2.10349996884664        5.40899991989136      -0.248678979329017     
   2.10349996884664        5.70949991544088      -0.228124585135506     
   2.10349996884664        6.00999991099040      -0.208251962468112     
   2.10349996884664        6.31049990653992      -0.189712508362301     
   2.10349996884664        6.61099990208944      -0.172906505551083     
   2.10349996884664        6.91149989763896      -0.157905003729825     
   2.10349996884664        7.21199989318848      -0.144296284331809     
   2.40399996439616       0.000000000000000E+000 -0.151155462777454     
   2.40399996439616       0.300499995549520      -0.164857005229508     
   2.40399996439616       0.600999991099040      -0.180323245858240     
   2.40399996439616       0.901499986648560      -0.198597014890107     
   2.40399996439616        1.20199998219808      -0.219511334846276     
   2.40399996439616        1.50249997774760      -0.242208630989244     
   2.40399996439616        1.80299997329712      -0.265587568634634     
   2.40399996439616        2.10349996884664      -0.288543755172672     
   2.40399996439616        2.40399996439616      -0.310014094108994     
   2.40399996439616        2.70449995994568      -0.328870237572476     
   2.40399996439616        3.00499995549520      -0.343815056897755     
   2.40399996439616        3.30549995104472      -0.353484030967393     
   2.40399996439616        3.60599994659424      -0.356832904786199     
   2.40399996439616        3.90649994214376      -0.353485443710172     
   2.40399996439616        4.20699993769328      -0.343817815291118     
   2.40399996439616        4.50749993324280      -0.328874333177939     
   2.40399996439616        4.80799992879232      -0.310018980481428     
   2.40399996439616        5.10849992434184      -0.288548373947103     
   2.40399996439616        5.40899991989136      -0.265590565587795     
   2.40399996439616        5.70949991544088      -0.242208604016792     
   2.40399996439616        6.00999991099040      -0.219507279366272     
   2.40399996439616        6.31049990653992      -0.198588450840136     
   2.40399996439616        6.61099990208944      -0.180310794931087     
   2.40399996439616        6.91149989763896      -0.164843047948693     
   2.40399996439616        7.21199989318848      -0.151143276128834     
   2.70449995994568       0.000000000000000E+000 -0.158917677358723     
   2.70449995994568       0.300499995549520      -0.171567243884156     
   2.70449995994568       0.600999991099040      -0.186619704773666     
   2.70449995994568       0.901499986648560      -0.206264438377579     
   2.70449995994568        1.20199998219808      -0.229529339731423     
   2.70449995994568        1.50249997774760      -0.254885214760270     
   2.70449995994568        1.80299997329712      -0.280788272538948     
   2.70449995994568        2.10349996884664      -0.305850423969108     
   2.70449995994568        2.40399996439616      -0.328872713797171     
   2.70449995994568        2.70449995994568      -0.348734421011072     
   2.70449995994568        3.00499995549520      -0.364267217978635     
   2.70449995994568        3.30549995104472      -0.374255569068013     
   2.70449995994568        3.60599994659424      -0.377711797288945     
   2.70449995994568        3.90649994214376      -0.374257027900740     
   2.70449995994568        4.20699993769328      -0.364270002847835     
   2.70449995994568        4.50749993324280      -0.348738263704485     
   2.70449995994568        4.80799992879232      -0.328876902765699     
   2.70449995994568        5.10849992434184      -0.305853920702557     
   2.70449995994568        5.40899991989136      -0.280789773432392     
   2.70449995994568        5.70949991544088      -0.254883428775258     
   2.70449995994568        6.00999991099040      -0.229523016075890     
   2.70449995994568        6.31049990653992      -0.206252288775698     
   2.70449995994568        6.61099990208944      -0.186602372203019     
   2.70449995994568        6.91149989763896      -0.171550492171607     
   2.70449995994568        7.21199989318848      -0.158908444957633     
   3.00499995549520       0.000000000000000E+000 -0.165908631891578     
   3.00499995549520       0.300499995549520      -0.176001901842394     
   3.00499995549520       0.600999991099040      -0.189849203751627     
   3.00499995549520       0.901499986648560      -0.211290294270416     
   3.00499995549520        1.20199998219808      -0.237231580014709     
   3.00499995549520        1.50249997774760      -0.265014373688933     
   3.00499995549520        1.80299997329712      -0.293015147078651     
   3.00499995549520        2.10349996884664      -0.319708965533477     
   3.00499995549520        2.40399996439616      -0.343819900703889     
   3.00499995549520        2.70449995994568      -0.364269455935190     
   3.00499995549520        3.00499995549520      -0.380084276500136     
   3.00499995549520        3.30549995104472      -0.390262359509745     
   3.00499995549520        3.60599994659424      -0.393810595441724     
   3.00499995549520        3.90649994214376      -0.390263480334956     
   3.00499995549520        4.20699993769328      -0.380086431736495     
   3.00499995549520        4.50749993324280      -0.364272298317772     
   3.00499995549520        4.80799992879232      -0.343822785268617     
   3.00499995549520        5.10849992434184      -0.319711106578558     
   3.00499995549520        5.40899991989136      -0.293015505588772     
   3.00499995549520        5.70949991544088      -0.265011872613514     
   3.00499995549520        6.00999991099040      -0.237224495841010     
   3.00499995549520        6.31049990653992      -0.211276154438861     
   3.00499995549520        6.61099990208944      -0.189828645056030     
   3.00499995549520        6.91149989763896      -0.175982268633640     
   3.00499995549520        7.21199989318848      -0.165902753850522     
   3.30549995104472       0.000000000000000E+000 -0.168579824298195     
   3.30549995104472       0.300499995549520      -0.175795872631435     
   3.30549995104472       0.600999991099040      -0.188960736610464     
   3.30549995104472       0.901499986648560      -0.213082664107840     
   3.30549995104472        1.20199998219808      -0.241829839539385     
   3.30549995104472        1.50249997774760      -0.271543317413857     
   3.30549995104472        1.80299997329712      -0.300991160802409     
   3.30549995104472        2.10349996884664      -0.328733301460857     
   3.30549995104472        2.40399996439616      -0.353490541381628     
   3.30549995104472        2.70449995994568      -0.374259304857040     
   3.30549995104472        3.00499995549520      -0.390263784653049     
   3.30549995104472        3.30549995104472      -0.400679051614748     
   3.30549995104472        3.60599994659424      -0.404375867106935     
   3.30549995104472        3.90649994214376      -0.400679720583053     
   3.30549995104472        4.20699993769328      -0.390264975974039     
   3.30549995104472        4.50749993324280      -0.374260809919073     
   3.30549995104472        4.80799992879232      -0.353492102418164     
   3.30549995104472        5.10849992434184      -0.328734388863393     
   3.30549995104472        5.40899991989136      -0.300991302703883     
   3.30549995104472        5.70949991544088      -0.271541801363527     
   3.30549995104472        6.00999991099040      -0.241825236418441     
   3.30549995104472        6.31049990653992      -0.213072916999951     
   3.30549995104472        6.61099990208944      -0.188944935859033     
   3.30549995104472        6.91149989763896      -0.175778574194983     
   3.30549995104472        7.21199989318848      -0.168577613148492     
   3.60599994659424       0.000000000000000E+000 -0.168042049767609     
   3.60599994659424       0.300499995549520      -0.173982713809735     
   3.60599994659424       0.600999991099040      -0.187403582422311     
   3.60599994659424       0.901499986648560      -0.213214947784939     
   3.60599994659424        1.20199998219808      -0.243287572036526     
   3.60599994659424        1.50249997774760      -0.273790880819097     
   3.60599994659424        1.80299997329712      -0.303765455573227     
   3.60599994659424        2.10349996884664      -0.331869916534264     
   3.60599994659424        2.40399996439616      -0.356840019103769     
   3.60599994659424        2.70449995994568      -0.377716058877868     
   3.60599994659424        3.00499995549520      -0.393812504242811     
   3.60599994659424        3.30549995104472      -0.404376339765501     
   3.60599994659424        3.60599994659424      -0.408172503694224     
   3.60599994659424        3.90649994214376      -0.404376292295914     
   3.60599994659424        4.20699993769328      -0.393812507974620     
   3.60599994659424        4.50749993324280      -0.377716060877050     
   3.60599994659424        4.80799992879232      -0.356840168341767     
   3.60599994659424        5.10849992434184      -0.331870271002520     
   3.60599994659424        5.40899991989136      -0.303766068379813     
   3.60599994659424        5.70949991544088      -0.273791791187665     
   3.60599994659424        6.00999991099040      -0.243288768482536     
   3.60599994659424        6.31049990653992      -0.213216419020378     
   3.60599994659424        6.61099990208944      -0.187405165830448     
   3.60599994659424        6.91149989763896      -0.173984060435576     
   3.60599994659424        7.21199989318848      -0.168043780360517     
   3.90649994214376       0.000000000000000E+000 -0.168576620651023     
   3.90649994214376       0.300499995549520      -0.175777606036926     
   3.90649994214376       0.600999991099040      -0.188943619667500     
   3.90649994214376       0.901499986648560      -0.213071643867638     
   3.90649994214376        1.20199998219808      -0.241824203855813     
   3.90649994214376        1.50249997774760      -0.271540994369055     
   3.90649994214376        1.80299997329712      -0.300990776545151     
   3.90649994214376        2.10349996884664      -0.328734080344180     
   3.90649994214376        2.40399996439616      -0.353491979283956     
   3.90649994214376        2.70449995994568      -0.374260782734273     
   3.90649994214376        3.00499995549520      -0.390264920255840     
   3.90649994214376        3.30549995104472      -0.400679733398202     
   3.90649994214376        3.60599994659424      -0.404375832131348     
   3.90649994214376        3.90649994214376      -0.400679149485669     
   3.90649994214376        4.20699993769328      -0.390263829285176     
   3.90649994214376        4.50749993324280      -0.374259386340958     
   3.90649994214376        4.80799992879232      -0.353490788020149     
   3.90649994214376        5.10849992434184      -0.328733714070028     
   3.90649994214376        5.40899991989136      -0.300991799837308     
   3.90649994214376        5.70949991544088      -0.271544253420376     
   3.90649994214376        6.00999991099040      -0.241831011385853     
   3.90649994214376        6.31049990653992      -0.213084083956030     
   3.90649994214376        6.61099990208944      -0.188962227562597     
   3.90649994214376        6.91149989763896      -0.175797225143795     
   3.90649994214376        7.21199989318848      -0.168581321698414     
   4.20699993769328       0.000000000000000E+000 -0.165902820915982     
   4.20699993769328       0.300499995549520      -0.175981986142162     
   4.20699993769328       0.600999991099040      -0.189827922833068     
   4.20699993769328       0.901499986648560      -0.211275270845135     
   4.20699993769328        1.20199998219808      -0.237223703322607     
   4.20699993769328        1.50249997774760      -0.265011236510949     
   4.20699993769328        1.80299997329712      -0.293015090807534     
   4.20699993769328        2.10349996884664      -0.319710900335951     
   4.20699993769328        2.40399996439616      -0.343822702906247     
   4.20699993769328        2.70449995994568      -0.364272273916335     
   4.20699993769328        3.00499995549520      -0.380086457924264     
   4.20699993769328        3.30549995104472      -0.390263574437274     
   4.20699993769328        3.60599994659424      -0.393810623033723     
   4.20699993769328        3.90649994214376      -0.390262414293435     
   4.20699993769328        4.20699993769328      -0.380084321711564     
   4.20699993769328        4.50749993324280      -0.364269566609736     
   4.20699993769328        4.80799992879232      -0.343820103852151     
   4.20699993769328        5.10849992434184      -0.319709385978369     
   4.20699993769328        5.40899991989136      -0.293015766858796     
   4.20699993769328        5.70949991544088      -0.265015240115084     
   4.20699993769328        6.00999991099040      -0.237232635056897     
   4.20699993769328        6.31049990653992      -0.211291508003373     
   4.20699993769328        6.61099990208944      -0.189850471256241     
   4.20699993769328        6.91149989763896      -0.176003147276563     
   4.20699993769328        7.21199989318848      -0.165909887538238     
   4.50749993324280       0.000000000000000E+000 -0.158909256290537     
   4.50749993324280       0.300499995549520      -0.171550720413384     
   4.50749993324280       0.600999991099040      -0.186602111484326     
   4.50749993324280       0.901499986648560      -0.206251779567954     
   4.50749993324280        1.20199998219808      -0.229522485568185     
   4.50749993324280        1.50249997774760      -0.254882993303904     
   4.50749993324280        1.80299997329712      -0.280789478589093     
   4.50749993324280        2.10349996884664      -0.305853767687402     
   4.50749993324280        2.40399996439616      -0.328876862320866     
   4.50749993324280        2.70449995994568      -0.348738303991043     
   4.50749993324280        3.00499995549520      -0.364270093618724     
   4.50749993324280        3.30549995104472      -0.374257106066933     
   4.50749993324280        3.60599994659424      -0.377711833027752     
   4.50749993324280        3.90649994214376      -0.374255667171828     
   4.50749993324280        4.20699993769328      -0.364267332502174     
   4.50749993324280        4.50749993324280      -0.348734618349235     
   4.50749993324280        4.80799992879232      -0.328873012999045     
   4.50749993324280        5.10849992434184      -0.305850806435029     
   4.50749993324280        5.40899991989136      -0.280788849788029     
   4.50749993324280        5.70949991544088      -0.254885942677437     
   4.50749993324280        6.00999991099040      -0.229530215257758     
   4.50749993324280        6.31049990653992      -0.206265420796528     
   4.50749993324280        6.61099990208944      -0.186620680114180     
   4.50749993324280        6.91149989763896      -0.171568118432020     
   4.50749993324280        7.21199989318848      -0.158918234172965     
   4.80799992879232       0.000000000000000E+000 -0.151144671914786     
   4.80799992879232       0.300499995549520      -0.164843669025430     
   4.80799992879232       0.600999991099040      -0.180310878059533     
   4.80799992879232       0.901499986648560      -0.198588244601067     
   4.80799992879232        1.20199998219808      -0.219506975872492     
   4.80799992879232        1.50249997774760      -0.242208341391440     
   4.80799992879232        1.80299997329712      -0.265590410312804     
   4.80799992879232        2.10349996884664      -0.288548332976420     
   4.80799992879232        2.40399996439616      -0.310019035422093     
   4.80799992879232        2.70449995994568      -0.328874469964372     
   4.80799992879232        3.00499995549520      -0.343817980231124     
   4.80799992879232        3.30549995104472      -0.353485631956151     
   4.80799992879232        3.60599994659424      -0.356833097172384     
   4.80799992879232        3.90649994214376      -0.353484297166862     
   4.80799992879232        4.20699993769328      -0.343815260449978     
   4.80799992879232        4.50749993324280      -0.328870529264389     
   4.80799992879232        4.80799992879232      -0.310014393263412     
   4.80799992879232        5.10849992434184      -0.288544136743763     
   4.80799992879232        5.40899991989136      -0.265588053538822     
   4.80799992879232        5.70949991544088      -0.242209189109808     
   4.80799992879232        6.00999991099040      -0.219511976917680     
   4.80799992879232        6.31049990653992      -0.198597648034870     
   4.80799992879232        6.61099990208944      -0.180323771189902     
   4.80799992879232        6.91149989763896      -0.164857250017823     
   4.80799992879232        7.21199989318848      -0.151155089258071     
   5.10849992434184       0.000000000000000E+000 -0.144298163141023     
   5.10849992434184       0.300499995549520      -0.157905952976712     
   5.10849992434184       0.600999991099040      -0.172906869172473     
   5.10849992434184       0.901499986648560      -0.189712541361635     
   5.10849992434184        1.20199998219808      -0.208251856324501     
   5.10849992434184        1.50249997774760      -0.228124469144706     
   5.10849992434184        1.80299997329712      -0.248678939024565     
   5.10849992434184        2.10349996884664      -0.269122952784997     
   5.10849992434184        2.40399996439616      -0.288546560803245     
   5.10849992434184        2.70449995994568      -0.305849543002344     
   5.10849992434184        3.00499995549520      -0.319704181652806     
   5.10849992434184        3.30549995104472      -0.328725614432286     
   5.10849992434184        3.60599994659424      -0.331860814548721     
   5.10849992434184        3.90649994214376      -0.328724908684173     
   5.10849992434184        4.20699993769328      -0.319702403800690     
   5.10849992434184        4.50749993324280      -0.305846354259763     
   5.10849992434184        4.80799992879232      -0.288542244367918     
   5.10849992434184        5.10849992434184      -0.269118308207682     
   5.10849992434184        5.40899991989136      -0.248675302933264     
   5.10849992434184        5.70949991544088      -0.228123181560577     
   5.10849992434184        6.00999991099040      -0.208253889386454     
   5.10849992434184        6.31049990653992      -0.189718311325022     
   5.10849992434184        6.61099990208944      -0.172916085004437     
   5.10849992434184        6.91149989763896      -0.157917506736142     
   5.10849992434184        7.21199989318848      -0.144310308554131     
   5.40899991989136       0.000000000000000E+000 -0.138676316800905     
   5.40899991989136       0.300499995549520      -0.151564718040217     
   5.40899991989136       0.600999991099040      -0.165529536609998     
   5.40899991989136       0.901499986648560      -0.180632681718472     
   5.40899991989136        1.20199998219808      -0.196734080806568     
   5.40899991989136        1.50249997774760      -0.213612222616381     
   5.40899991989136        1.80299997329712      -0.231093913260309     
   5.40899991989136        2.10349996884664      -0.248678338035003     
   5.40899991989136        2.40399996439616      -0.265588110694957     
   5.40899991989136        2.70449995994568      -0.280784808922231     
   5.40899991989136        3.00499995549520      -0.293008014507140     
   5.40899991989136        3.30549995104472      -0.300981966332571     
   5.40899991989136        3.60599994659424      -0.303756045899230     
   5.40899991989136        3.90649994214376      -0.300982414662239     
   5.40899991989136        4.20699993769328      -0.293008186820055     
   5.40899991989136        4.50749993324280      -0.280783771219935     
   5.40899991989136        4.80799992879232      -0.265585477518009     
   5.40899991989136        5.10849992434184      -0.248674550406249     
   5.40899991989136        5.40899991989136      -0.231090005275148     
   5.40899991989136        5.70949991544088      -0.213609385122211     
   5.40899991989136        6.00999991099040      -0.196733398086594     
   5.40899991989136        6.31049990653992      -0.180635233116552     
   5.40899991989136        6.61099990208944      -0.165536094239172     
   5.40899991989136        6.91149989763896      -0.151575412100218     
   5.40899991989136        7.21199989318848      -0.138690238957290     
   5.70949991544088       0.000000000000000E+000 -0.133924186576053     
   5.70949991544088       0.300499995549520      -0.145830013334468     
   5.70949991544088       0.600999991099040      -0.158442122435751     
   5.70949991544088       0.901499986648560      -0.171669270477127     
   5.70949991544088        1.20199998219808      -0.185349627475872     
   5.70949991544088        1.50249997774760      -0.199339901785410     
   5.70949991544088        1.80299997329712      -0.213612615758695     
   5.70949991544088        2.10349996884664      -0.228124447390998     
   5.70949991544088        2.40399996439616      -0.242206990100915     
   5.70949991544088        2.70449995994568      -0.254879788228541     
   5.70949991544088        3.00499995549520      -0.265006294684414     
   5.70949991544088        3.30549995104472      -0.271534926807403     
   5.70949991544088        3.60599994659424      -0.273784458697269     
   5.70949991544088        3.90649994214376      -0.271537303286926     
   5.70949991544088        4.20699993769328      -0.265009527381234     
   5.70949991544088        4.50749993324280      -0.254882133048523     
   5.70949991544088        4.80799992879232      -0.242207397244644     
   5.70949991544088        5.10849992434184      -0.228122877561742     
   5.70949991544088        5.40899991989136      -0.213609665677106     
   5.70949991544088        5.70949991544088      -0.199336447607180     
   5.70949991544088        6.00999991099040      -0.185347003637648     
   5.70949991544088        6.31049990653992      -0.171669151831748     
   5.70949991544088        6.61099990208944      -0.158446428205243     
   5.70949991544088        6.91149989763896      -0.145840166869628     
   5.70949991544088        7.21199989318848      -0.133939839618623     
   6.00999991099040       0.000000000000000E+000 -0.129805456993445     
   6.00999991099040       0.300499995549520      -0.140447719579969     
   6.00999991099040       0.600999991099040      -0.151454359783063     
   6.00999991099040       0.901499986648560      -0.162719864285609     
   6.00999991099040        1.20199998219808      -0.174030769963573     
   6.00999991099040        1.50249997774760      -0.185350402101132     
   6.00999991099040        1.80299997329712      -0.196735409856225     
   6.00999991099040        2.10349996884664      -0.208253155026722     
   6.00999991099040        2.40399996439616      -0.219507718444673     
   6.00999991099040        2.70449995994568      -0.229522582898806     
   6.00999991099040        3.00499995549520      -0.237223762573547     
   6.00999991099040        3.30549995104472      -0.241824999846263     
   6.00999991099040        3.60599994659424      -0.243288871232290     
   6.00999991099040        3.90649994214376      -0.241830658200081     
   6.00999991099040        4.20699993769328      -0.237231703547162     
   6.00999991099040        4.50749993324280      -0.229529545436767     
   6.00999991099040        4.80799992879232      -0.219512174202186     
   6.00999991099040        5.10849992434184      -0.208254856418223     
   6.00999991099040        5.40899991989136      -0.196734578320783     
   6.00999991099040        5.70949991544088      -0.185347745922022     
   6.00999991099040        6.00999991099040      -0.174027520274589     
   6.00999991099040        6.31049990653992      -0.162717974541474     
   6.00999991099040        6.61099990208944      -0.151456861397013     
   6.00999991099040        6.91149989763896      -0.140457645656843     
   6.00999991099040        7.21199989318848      -0.129822795625022     
   6.31049990653992       0.000000000000000E+000 -0.126062186740077     
   6.31049990653992       0.300499995549520      -0.134852673613241     
   6.31049990653992       0.600999991099040      -0.144068410650215     
   6.31049990653992       0.901499986648560      -0.153541213816428     
   6.31049990653992        1.20199998219808      -0.162720351509050     
   6.31049990653992        1.50249997774760      -0.171670555714271     
   6.31049990653992        1.80299997329712      -0.180634773283253     
   6.31049990653992        2.10349996884664      -0.189715172651269     
   6.31049990653992        2.40399996439616      -0.198591371326770     
   6.31049990653992        2.70449995994568      -0.206256146912944     
   6.31049990653992        3.00499995549520      -0.211282508519835     
   6.31049990653992        3.30549995104472      -0.213082573392633     
   6.31049990653992        3.60599994659424      -0.213227668462743     
   6.31049990653992        3.90649994214376      -0.213093559418447     
   6.31049990653992        4.20699993769328      -0.211297576310286     
   6.31049990653992        4.50749993324280      -0.206268963908155     
   6.31049990653992        4.80799992879232      -0.198600267495538     
   6.31049990653992        5.10849992434184      -0.189720700608476     
   6.31049990653992        5.40899991989136      -0.180637290170274     
   6.31049990653992        5.70949991544088      -0.171670533318152     
   6.31049990653992        6.00999991099040      -0.162718585904833     
   6.31049990653992        6.31049990653992      -0.153539417037198     
   6.31049990653992        6.61099990208944      -0.144070333494275     
   6.31049990653992        6.91149989763896      -0.134863283724948     
   6.31049990653992        7.21199989318848      -0.126081252344503     
   6.61099990208944       0.000000000000000E+000 -0.122370489894487     
   6.61099990208944       0.300499995549520      -0.128182027560040     
   6.61099990208944       0.600999991099040      -0.135851025536683     
   6.61099990208944       0.901499986648560      -0.144068592034606     
   6.61099990208944        1.20199998219808      -0.151454772504414     
   6.61099990208944        1.50249997774760      -0.158443249605279     
   6.61099990208944        1.80299997329712      -0.165531650801646     
   6.61099990208944        2.10349996884664      -0.172910074372742     
   6.61099990208944        2.40399996439616      -0.180315540619652     
   6.61099990208944        2.70449995994568      -0.186609596159299     
   6.61099990208944        3.00499995549520      -0.189840396439055     
   6.61099990208944        3.30549995104472      -0.188962732837076     
   6.61099990208944        3.60599994659424      -0.187426099359772     
   6.61099990208944        3.90649994214376      -0.188979750804374     
   6.61099990208944        4.20699993769328      -0.189861849620388     
   6.61099990208944        4.50749993324280      -0.186627525779185     
   6.61099990208944        4.80799992879232      -0.180328177773486     
   6.61099990208944        5.10849992434184      -0.172919354019776     
   6.61099990208944        5.40899991989136      -0.165538503594084     
   6.61099990208944        5.70949991544088      -0.158447987792018     
   6.61099990208944        6.00999991099040      -0.151457733423862     
   6.61099990208944        6.31049990653992      -0.144070822513271     
   6.61099990208944        6.61099990208944      -0.135855800748311     
   6.61099990208944        6.91149989763896      -0.128195321959319     
   6.61099990208944        7.21199989318848      -0.122391644049118     
   6.91149989763896       0.000000000000000E+000 -0.118519847046626     
   6.91149989763896       0.300499995549520      -0.121701968728808     
   6.91149989763896       0.600999991099040      -0.128182927518513     
   6.91149989763896       0.901499986648560      -0.134852778463908     
   6.91149989763896        1.20199998219808      -0.140447448676066     
   6.91149989763896        1.50249997774760      -0.145830190702768     
   6.91149989763896        1.80299997329712      -0.151565903918369     
   6.91149989763896        2.10349996884664      -0.157908493964185     
   6.91149989763896        2.40399996439616      -0.164848069324218     
   6.91149989763896        2.70449995994568      -0.171557988476313     
   6.91149989763896        3.00499995549520      -0.175993942393755     
   6.91149989763896        3.30549995104472      -0.175796125018960     
   6.91149989763896        3.60599994659424      -0.174005003118895     
   6.91149989763896        3.90649994214376      -0.175814471621672     
   6.91149989763896        4.20699993769328      -0.176014462048700     
   6.91149989763896        4.50749993324280      -0.171575260188842     
   6.91149989763896        4.80799992879232      -0.164861942087865     
   6.91149989763896        5.10849992434184      -0.157920707716371     
   6.91149989763896        5.40899991989136      -0.151577534164243     
   6.91149989763896        5.70949991544088      -0.145841437283069     
   6.91149989763896        6.00999991099040      -0.140458453884202     
   6.91149989763896        6.31049990653992      -0.134864253764371     
   6.91149989763896        6.61099990208944      -0.128196699118165     
   6.91149989763896        6.91149989763896      -0.121718955005581     
   6.91149989763896        7.21199989318848      -0.118543472352695     
   7.21199989318848       0.000000000000000E+000 -0.113849800179107     
   7.21199989318848       0.300499995549520      -0.118520641091873     
   7.21199989318848       0.600999991099040      -0.122371333906032     
   7.21199989318848       0.901499986648560      -0.126061485235783     
   7.21199989318848        1.20199998219808      -0.129803947890395     
   7.21199989318848        1.50249997774760      -0.133922816716730     
   7.21199989318848        1.80299997329712      -0.138675759005676     
   7.21199989318848        2.10349996884664      -0.144298865131678     
   7.21199989318848        2.40399996439616      -0.151147009566332     
   7.21199989318848        2.70449995994568      -0.158913648777708     
   7.21199989318848        3.00499995549520      -0.165910271838240     
   7.21199989318848        3.30549995104472      -0.168588443073428     
   7.21199989318848        3.60599994659424      -0.168056182739595     
   7.21199989318848        3.90649994214376      -0.168592093566805     
   7.21199989318848        4.20699993769328      -0.165917274438703     
   7.21199989318848        4.50749993324280      -0.158923230332992     
   7.21199989318848        4.80799992879232      -0.151158573225114     
   7.21199989318848        5.10849992434184      -0.144312644004242     
   7.21199989318848        5.40899991989136      -0.138691667725964     
   7.21199989318848        5.70949991544088      -0.133940628313958     
   7.21199989318848        6.00999991099040      -0.129823381397720     
   7.21199989318848        6.31049990653992      -0.126082321721312     
   7.21199989318848        6.61099990208944      -0.122393698841602     
   7.21199989318848        6.91149989763896      -0.118544904863504     
   7.21199989318848        7.21199989318848      -0.113872122739664     
