  0.000000000000000E+000  0.000000000000000E+000 -0.290268191716021     
  0.000000000000000E+000  0.300499995549520      -0.296550100549246     
  0.000000000000000E+000  0.600999991099040      -0.302521902744116     
  0.000000000000000E+000  0.901499986648560      -0.309350916310871     
  0.000000000000000E+000   1.20199998219808      -0.314607044150879     
  0.000000000000000E+000   1.50249997774760      -0.316249406787709     
  0.000000000000000E+000   1.80299997329712      -0.313516554526668     
  0.000000000000000E+000   2.10349996884664      -0.306968480578320     
  0.000000000000000E+000   2.40399996439616      -0.298228825519245     
  0.000000000000000E+000   2.70449995994568      -0.287651548612735     
  0.000000000000000E+000   3.00499995549520      -0.276244902205304     
  0.000000000000000E+000   3.30549995104472      -0.268407131094157     
  0.000000000000000E+000   3.60599994659424      -0.256096930569501     
  0.000000000000000E+000   3.90649994214376      -0.238870014378426     
  0.000000000000000E+000   4.20699993769328      -0.216866515133501     
  0.000000000000000E+000   4.50749993324280      -0.188814472938081     
  0.000000000000000E+000   4.80799992879232      -0.163265992467896     
  0.000000000000000E+000   5.10849992434184      -0.142933102645561     
  0.000000000000000E+000   5.40899991989136      -0.128164890302335     
  0.000000000000000E+000   5.70949991544088      -0.118101351396265     
  0.000000000000000E+000   6.00999991099040      -0.111895087391429     
  0.000000000000000E+000   6.31049990653992      -0.108389735543580     
  0.000000000000000E+000   6.61099990208944      -0.105442125936244     
  0.000000000000000E+000   6.91149989763896      -9.867200238735989E-002
  0.000000000000000E+000   7.21199989318848      -9.014526753955185E-002
  0.300499995549520       0.000000000000000E+000 -0.296543910407252     
  0.300499995549520       0.300499995549520      -0.288379730686995     
  0.300499995549520       0.600999991099040      -0.312383703399448     
  0.300499995549520       0.901499986648560      -0.338900032693096     
  0.300499995549520        1.20199998219808      -0.353046686181243     
  0.300499995549520        1.50249997774760      -0.357337314040814     
  0.300499995549520        1.80299997329712      -0.354390117889677     
  0.300499995549520        2.10349996884664      -0.345733209942742     
  0.300499995549520        2.40399996439616      -0.334452523894286     
  0.300499995549520        2.70449995994568      -0.320381837758418     
  0.300499995549520        3.00499995549520      -0.301035142598314     
  0.300499995549520        3.30549995104472      -0.281852071545744     
  0.300499995549520        3.60599994659424      -0.267183543944984     
  0.300499995549520        3.90649994214376      -0.249499487497117     
  0.300499995549520        4.20699993769328      -0.225127349837315     
  0.300499995549520        4.50749993324280      -0.197098177306243     
  0.300499995549520        4.80799992879232      -0.171537943569595     
  0.300499995549520        5.10849992434184      -0.150804551159166     
  0.300499995549520        5.40899991989136      -0.135141432787558     
  0.300499995549520        5.70949991544088      -0.123893728582966     
  0.300499995549520        6.00999991099040      -0.116097268317415     
  0.300499995549520        6.31049990653992      -0.110398991699406     
  0.300499995549520        6.61099990208944      -0.104385230149279     
  0.300499995549520        6.91149989763896      -9.579884601974473E-002
  0.300499995549520        7.21199989318848      -8.663079574568029E-002
  0.600999991099040       0.000000000000000E+000 -0.302512996540426     
  0.600999991099040       0.300499995549520      -0.312379327591520     
  0.600999991099040       0.600999991099040      -0.340033150500992     
  0.600999991099040       0.901499986648560      -0.371230428811494     
  0.600999991099040        1.20199998219808      -0.390111300382516     
  0.600999991099040        1.50249997774760      -0.396696367296062     
  0.600999991099040        1.80299997329712      -0.393657718193309     
  0.600999991099040        2.10349996884664      -0.383294182294274     
  0.600999991099040        2.40399996439616      -0.369290614589423     
  0.600999991099040        2.70449995994568      -0.353632874763791     
  0.600999991099040        3.00499995549520      -0.329959095357204     
  0.600999991099040        3.30549995104472      -0.302058671900983     
  0.600999991099040        3.60599994659424      -0.276153419022317     
  0.600999991099040        3.90649994214376      -0.252297324082240     
  0.600999991099040        4.20699993769328      -0.226731278127011     
  0.600999991099040        4.50749993324280      -0.200434965725059     
  0.600999991099040        4.80799992879232      -0.176817164399728     
  0.600999991099040        5.10849992434184      -0.156971695616716     
  0.600999991099040        5.40899991989136      -0.141148605222869     
  0.600999991099040        5.70949991544088      -0.129102648208777     
  0.600999991099040        6.00999991099040      -0.119969421888149     
  0.600999991099040        6.31049990653992      -0.112425292309334     
  0.600999991099040        6.61099990208944      -0.104484435756640     
  0.600999991099040        6.91149989763896      -9.440568441191738E-002
  0.600999991099040        7.21199989318848      -8.414005021417380E-002
  0.901499986648560       0.000000000000000E+000 -0.309344258647008     
  0.901499986648560       0.300499995549520      -0.338896066571005     
  0.901499986648560       0.600999991099040      -0.371229090786198     
  0.901499986648560       0.901499986648560      -0.401513986415314     
  0.901499986648560        1.20199998219808      -0.421625168421652     
  0.901499986648560        1.50249997774760      -0.429675219509476     
  0.901499986648560        1.80299997329712      -0.426776614631655     
  0.901499986648560        2.10349996884664      -0.414818132250361     
  0.901499986648560        2.40399996439616      -0.399981949325457     
  0.901499986648560        2.70449995994568      -0.381448295427236     
  0.901499986648560        3.00499995549520      -0.355898537733813     
  0.901499986648560        3.30549995104472      -0.323597470392584     
  0.901499986648560        3.60599994659424      -0.289952500566168     
  0.901499986648560        3.90649994214376      -0.258446436296109     
  0.901499986648560        4.20699993769328      -0.229453007402575     
  0.901499986648560        4.50749993324280      -0.203366875937809     
  0.901499986648560        4.80799992879232      -0.180984430703896     
  0.901499986648560        5.10849992434184      -0.161995317881944     
  0.901499986648560        5.40899991989136      -0.146181968538817     
  0.901499986648560        5.70949991544088      -0.133623209796869     
  0.901499986648560        6.00999991099040      -0.123529473874008     
  0.901499986648560        6.31049990653992      -0.114804682995109     
  0.901499986648560        6.61099990208944      -0.106064228979184     
  0.901499986648560        6.91149989763896      -9.627640614485571E-002
  0.901499986648560        7.21199989318848      -8.663940107489213E-002
   1.20199998219808       0.000000000000000E+000 -0.314599460438748     
   1.20199998219808       0.300499995549520      -0.353041979548980     
   1.20199998219808       0.600999991099040      -0.390109092096754     
   1.20199998219808       0.901499986648560      -0.421624419187301     
   1.20199998219808        1.20199998219808      -0.442910319239421     
   1.20199998219808        1.50249997774760      -0.452114676279450     
   1.20199998219808        1.80299997329712      -0.449210780322663     
   1.20199998219808        2.10349996884664      -0.438299197805606     
   1.20199998219808        2.40399996439616      -0.423565221000428     
   1.20199998219808        2.70449995994568      -0.401692433456462     
   1.20199998219808        3.00499995549520      -0.372439371774873     
   1.20199998219808        3.30549995104472      -0.337760175164001     
   1.20199998219808        3.60599994659424      -0.300727132565197     
   1.20199998219808        3.90649994214376      -0.265246361036921     
   1.20199998219808        4.20699993769328      -0.233769653246917     
   1.20199998219808        4.50749993324280      -0.207095354143688     
   1.20199998219808        4.80799992879232      -0.184790095183099     
   1.20199998219808        5.10849992434184      -0.166083234515410     
   1.20199998219808        5.40899991989136      -0.150342512824772     
   1.20199998219808        5.70949991544088      -0.137366366824140     
   1.20199998219808        6.00999991099040      -0.126527862516168     
   1.20199998219808        6.31049990653992      -0.116946175711655     
   1.20199998219808        6.61099990208944      -0.107710050744196     
   1.20199998219808        6.91149989763896      -9.827918336647803E-002
   1.20199998219808        7.21199989318848      -8.916041783263363E-002
   1.50249997774760       0.000000000000000E+000 -0.316239666763455     
   1.50249997774760       0.300499995549520      -0.357330931935502     
   1.50249997774760       0.600999991099040      -0.396692868626072     
   1.50249997774760       0.901499986648560      -0.429673374090432     
   1.50249997774760        1.20199998219808      -0.452113546073603     
   1.50249997774760        1.50249997774760      -0.461685944620904     
   1.50249997774760        1.80299997329712      -0.459754562117544     
   1.50249997774760        2.10349996884664      -0.452214513521624     
   1.50249997774760        2.40399996439616      -0.437113657159591     
   1.50249997774760        2.70449995994568      -0.412984916326058     
   1.50249997774760        3.00499995549520      -0.380960987424407     
   1.50249997774760        3.30549995104472      -0.344011044640621     
   1.50249997774760        3.60599994659424      -0.305795580057318     
   1.50249997774760        3.90649994214376      -0.269627480803486     
   1.50249997774760        4.20699993769328      -0.237651928692244     
   1.50249997774760        4.50749993324280      -0.210575197553337     
   1.50249997774760        4.80799992879232      -0.188060626971012     
   1.50249997774760        5.10849992434184      -0.169327708878689     
   1.50249997774760        5.40899991989136      -0.153597557115310     
   1.50249997774760        5.70949991544088      -0.140291718173173     
   1.50249997774760        6.00999991099040      -0.128857037383797     
   1.50249997774760        6.31049990653992      -0.118600103971577     
   1.50249997774760        6.61099990208944      -0.108942099122238     
   1.50249997774760        6.91149989763896      -9.960119175378207E-002
   1.50249997774760        7.21199989318848      -9.076040196091502E-002
   1.80299997329712       0.000000000000000E+000 -0.313506493847740     
   1.80299997329712       0.300499995549520      -0.354383036074264     
   1.80299997329712       0.600999991099040      -0.393652975449402     
   1.80299997329712       0.901499986648560      -0.426772811521495     
   1.80299997329712        1.20199998219808      -0.449206946970206     
   1.80299997329712        1.50249997774760      -0.459751346452670     
   1.80299997329712        1.80299997329712      -0.462023816391019     
   1.80299997329712        2.10349996884664      -0.455371463152238     
   1.80299997329712        2.40399996439616      -0.438851391080688     
   1.80299997329712        2.70449995994568      -0.413043510418384     
   1.80299997329712        3.00499995549520      -0.380155027830485     
   1.80299997329712        3.30549995104472      -0.343378834805055     
   1.80299997329712        3.60599994659424      -0.306032514037893     
   1.80299997329712        3.90649994214376      -0.270839809563280     
   1.80299997329712        4.20699993769328      -0.239516474261482     
   1.80299997329712        4.50749993324280      -0.212720805752391     
   1.80299997329712        4.80799992879232      -0.190293195052769     
   1.80299997329712        5.10849992434184      -0.171604081093097     
   1.80299997329712        5.40899991989136      -0.155868325799743     
   1.80299997329712        5.70949991544088      -0.142356542652582     
   1.80299997329712        6.00999991099040      -0.130470375742290     
   1.80299997329712        6.31049990653992      -0.119682953175778     
   1.80299997329712        6.61099990208944      -0.109643647303106     
   1.80299997329712        6.91149989763896      -0.100238068085277     
   1.80299997329712        7.21199989318848      -9.153300336717167E-002
   2.10349996884664       0.000000000000000E+000 -0.306961681472635     
   2.10349996884664       0.300499995549520      -0.345727774204636     
   2.10349996884664       0.600999991099040      -0.383288909372313     
   2.10349996884664       0.901499986648560      -0.414811506406550     
   2.10349996884664        1.20199998219808      -0.438290519105269     
   2.10349996884664        1.50249997774760      -0.452205067382159     
   2.10349996884664        1.80299997329712      -0.455364596820206     
   2.10349996884664        2.10349996884664      -0.447321128771724     
   2.10349996884664        2.40399996439616      -0.428877115833411     
   2.10349996884664        2.70449995994568      -0.402115969864815     
   2.10349996884664        3.00499995549520      -0.369901075773034     
   2.10349996884664        3.30549995104472      -0.335195662601095     
   2.10349996884664        3.60599994659424      -0.300559402984732     
   2.10349996884664        3.90649994214376      -0.267907796163951     
   2.10349996884664        4.20699993769328      -0.238462279220911     
   2.10349996884664        4.50749993324280      -0.212816768405929     
   2.10349996884664        4.80799992879232      -0.191023439006498     
   2.10349996884664        5.10849992434184      -0.172685124849337     
   2.10349996884664        5.40899991989136      -0.157113162725056     
   2.10349996884664        5.70949991544088      -0.143546458084560     
   2.10349996884664        6.00999991099040      -0.131356312626240     
   2.10349996884664        6.31049990653992      -0.120154271005635     
   2.10349996884664        6.61099990208944      -0.109786103587489     
   2.10349996884664        6.91149989763896      -0.100266145504916     
   2.10349996884664        7.21199989318848      -9.165636845908101E-002
   2.40399996439616       0.000000000000000E+000 -0.298229396894006     
   2.40399996439616       0.300499995549520      -0.334451465184417     
   2.40399996439616       0.600999991099040      -0.369285996778801     
   2.40399996439616       0.901499986648560      -0.399972056267322     
   2.40399996439616        1.20199998219808      -0.423549971168661     
   2.40399996439616        1.50249997774760      -0.437095439064446     
   2.40399996439616        1.80299997329712      -0.438834650566396     
   2.40399996439616        2.10349996884664      -0.428866910872354     
   2.40399996439616        2.40399996439616      -0.409114255038923     
   2.40399996439616        2.70449995994568      -0.382590029393258     
   2.40399996439616        3.00499995549520      -0.352413189321862     
   2.40399996439616        3.30549995104472      -0.321084106790147     
   2.40399996439616        3.60599994659424      -0.290305702154541     
   2.40399996439616        3.90649994214376      -0.261177879804201     
   2.40399996439616        4.20699993769328      -0.234446117314505     
   2.40399996439616        4.50749993324280      -0.210639340246210     
   2.40399996439616        4.80799992879232      -0.190006710505114     
   2.40399996439616        5.10849992434184      -0.172385022340268     
   2.40399996439616        5.40899991989136      -0.157221126162564     
   2.40399996439616        5.70949991544088      -0.143792648064805     
   2.40399996439616        6.00999991099040      -0.131498600873965     
   2.40399996439616        6.31049990653992      -0.120040936124442     
   2.40399996439616        6.61099990208944      -0.109416028821994     
   2.40399996439616        6.91149989763896      -9.979120628714208E-002
   2.40399996439616        7.21199989318848      -9.133728859035145E-002
   2.70449995994568       0.000000000000000E+000 -0.287662356425517     
   2.70449995994568       0.300499995549520      -0.320387935857771     
   2.70449995994568       0.600999991099040      -0.353631096607083     
   2.70449995994568       0.901499986648560      -0.381436099373191     
   2.70449995994568        1.20199998219808      -0.401670388490624     
   2.70449995994568        1.50249997774760      -0.412957242202678     
   2.70449995994568        1.80299997329712      -0.413016153870365     
   2.70449995994568        2.10349996884664      -0.402094862742455     
   2.70449995994568        2.40399996439616      -0.382579146094061     
   2.70449995994568        2.70449995994568      -0.357803113182930     
   2.70449995994568        3.00499995549520      -0.330791721687074     
   2.70449995994568        3.30549995104472      -0.303532308290973     
   2.70449995994568        3.60599994659424      -0.277004789070172     
   2.70449995994568        3.90649994214376      -0.251675810340454     
   2.70449995994568        4.20699993769328      -0.227954938339229     
   2.70449995994568        4.50749993324280      -0.206341227363041     
   2.70449995994568        4.80799992879232      -0.187228064784194     
   2.70449995994568        5.10849992434184      -0.170624572144431     
   2.70449995994568        5.40899991989136      -0.156097795979915     
   2.70449995994568        5.70949991544088      -0.142996585747944     
   2.70449995994568        6.00999991099040      -0.130788664145270     
   2.70449995994568        6.31049990653992      -0.119255938081865     
   2.70449995994568        6.61099990208944      -0.108479964779423     
   2.70449995994568        6.91149989763896      -9.889478839368987E-002
   2.70449995994568        7.21199989318848      -9.084418847873950E-002
   3.00499995549520       0.000000000000000E+000 -0.276264846852435     
   3.00499995549520       0.300499995549520      -0.301048918046691     
   3.00499995549520       0.600999991099040      -0.329961888375967     
   3.00499995549520       0.901499986648560      -0.355886049021129     
   3.00499995549520        1.20199998219808      -0.372412018461758     
   3.00499995549520        1.50249997774760      -0.380925516516877     
   3.00499995549520        1.80299997329712      -0.380119193074132     
   3.00499995549520        2.10349996884664      -0.369871537974120     
   3.00499995549520        2.40399996439616      -0.352394027068686     
   3.00499995549520        2.70449995994568      -0.330783459956706     
   3.00499995549520        3.00499995549520      -0.307701107975499     
   3.00499995549520        3.30549995104472      -0.284680625656592     
   3.00499995549520        3.60599994659424      -0.262224761769270     
   3.00499995549520        3.90649994214376      -0.240439505680265     
   3.00499995549520        4.20699993769328      -0.219601913517806     
   3.00499995549520        4.50749993324280      -0.200237279309840     
   3.00499995549520        4.80799992879232      -0.182813261593566     
   3.00499995549520        5.10849992434184      -0.167419016773262     
   3.00499995549520        5.40899991989136      -0.153699190984025     
   3.00499995549520        5.70949991544088      -0.141089082419343     
   3.00499995549520        6.00999991099040      -0.129162324295772     
   3.00499995549520        6.31049990653992      -0.117773571965368     
   3.00499995549520        6.61099990208944      -0.107112522983177     
   3.00499995549520        6.91149989763896      -9.787244574202889E-002
   3.00499995549520        7.21199989318848      -9.057164119675103E-002
   3.30549995104472       0.000000000000000E+000 -0.268423874736070     
   3.30549995104472       0.300499995549520      -0.281866405025335     
   3.30549995104472       0.600999991099040      -0.302061892296260     
   3.30549995104472       0.901499986648560      -0.323583011535770     
   3.30549995104472        1.20199998219808      -0.337729113350767     
   3.30549995104472        1.50249997774760      -0.343971013356382     
   3.30549995104472        1.80299997329712      -0.343338795771018     
   3.30549995104472        2.10349996884664      -0.335162387489043     
   3.30549995104472        2.40399996439616      -0.321061353020047     
   3.30549995104472        2.70449995994568      -0.303520249039667     
   3.30549995104472        3.00499995549520      -0.284676543494028     
   3.30549995104472        3.30549995104472      -0.265697632956750     
   3.30549995104472        3.60599994659424      -0.246848879733468     
   3.30549995104472        3.90649994214376      -0.228130078206977     
   3.30549995104472        4.20699993769328      -0.209866779012893     
   3.30549995104472        4.50749993324280      -0.192649094776057     
   3.30549995104472        4.80799992879232      -0.176949653008131     
   3.30549995104472        5.10849992434184      -0.162851733995216     
   3.30549995104472        5.40899991989136      -0.150036846240678     
   3.30549995104472        5.70949991544088      -0.138042157347119     
   3.30549995104472        6.00999991099040      -0.126593477623612     
   3.30549995104472        6.31049990653992      -0.115657758625968     
   3.30549995104472        6.61099990208944      -0.105547377108492     
   3.30549995104472        6.91149989763896      -9.726303597264160E-002
   3.30549995104472        7.21199989318848      -9.096854305202628E-002
   3.60599994659424       0.000000000000000E+000 -0.256099819735301     
   3.60599994659424       0.300499995549520      -0.267186516561550     
   3.60599994659424       0.600999991099040      -0.276146110395935     
   3.60599994659424       0.901499986648560      -0.289930687523532     
   3.60599994659424        1.20199998219808      -0.300692392344724     
   3.60599994659424        1.50249997774760      -0.305754606837344     
   3.60599994659424        1.80299997329712      -0.305993116733939     
   3.60599994659424        2.10349996884664      -0.300527464487246     
   3.60599994659424        2.40399996439616      -0.290284147979602     
   3.60599994659424        2.70449995994568      -0.276993229069751     
   3.60599994659424        3.00499995549520      -0.262220366047319     
   3.60599994659424        3.30549995104472      -0.246848060862305     
   3.60599994659424        3.60599994659424      -0.231089708511786     
   3.60599994659424        3.90649994214376      -0.215017767912563     
   3.60599994659424        4.20699993769328      -0.199075154446530     
   3.60599994659424        4.50749993324280      -0.183888928081474     
   3.60599994659424        4.80799992879232      -0.169879303730244     
   3.60599994659424        5.10849992434184      -0.157078415827198     
   3.60599994659424        5.40899991989136      -0.145193208289580     
   3.60599994659424        5.70949991544088      -0.133882247836574     
   3.60599994659424        6.00999991099040      -0.123057265081312     
   3.60599994659424        6.31049990653992      -0.112826569407542     
   3.60599994659424        6.61099990208944      -0.103645722455897     
   3.60599994659424        6.91149989763896      -9.667105521196341E-002
   3.60599994659424        7.21199989318848      -9.122672493060009E-002
   3.90649994214376       0.000000000000000E+000 -0.238859655730191     
   3.90649994214376       0.300499995549520      -0.249481835695516     
   3.90649994214376       0.600999991099040      -0.252273052560066     
   3.90649994214376       0.901499986648560      -0.258415138390241     
   3.90649994214376        1.20199998219808      -0.265209387893618     
   3.90649994214376        1.50249997774760      -0.269589038426935     
   3.90649994214376        1.80299997329712      -0.270805001390124     
   3.90649994214376        2.10349996884664      -0.267880924724223     
   3.90649994214376        2.40399996439616      -0.261160725630430     
   3.90649994214376        2.70449995994568      -0.251667349696469     
   3.90649994214376        3.00499995549520      -0.240436857174961     
   3.90649994214376        3.30549995104472      -0.228130046448338     
   3.90649994214376        3.60599994659424      -0.215018142258461     
   3.90649994214376        3.90649994214376      -0.201333037954804     
   3.90649994214376        4.20699993769328      -0.187574761818108     
   3.90649994214376        4.50749993324280      -0.174322800090268     
   3.90649994214376        4.80799992879232      -0.161914565688714     
   3.90649994214376        5.10849992434184      -0.150336691746784     
   3.90649994214376        5.40899991989136      -0.139344105142754     
   3.90649994214376        5.70949991544088      -0.128729846062486     
   3.90649994214376        6.00999991099040      -0.118568168638423     
   3.90649994214376        6.31049990653992      -0.109103124877598     
   3.90649994214376        6.61099990208944      -0.100762359798488     
   3.90649994214376        6.91149989763896      -9.411357805663927E-002
   3.90649994214376        7.21199989318848      -8.840990669240947E-002
   4.20699993769328       0.000000000000000E+000 -0.216843524953443     
   4.20699993769328       0.300499995549520      -0.225098442368099     
   4.20699993769328       0.600999991099040      -0.226698626943867     
   4.20699993769328       0.901499986648560      -0.229418359642209     
   4.20699993769328        1.20199998219808      -0.233734988990366     
   4.20699993769328        1.50249997774760      -0.237618960015211     
   4.20699993769328        1.80299997329712      -0.239488472904686     
   4.20699993769328        2.10349996884664      -0.238442036670784     
   4.20699993769328        2.40399996439616      -0.234434325894298     
   4.20699993769328        2.70449995994568      -0.227950082606563     
   4.20699993769328        3.00499995549520      -0.219601228207034     
   4.20699993769328        3.30549995104472      -0.209867582506067     
   4.20699993769328        3.60599994659424      -0.199075824701852     
   4.20699993769328        3.90649994214376      -0.187574919701663     
   4.20699993769328        4.20699993769328      -0.175848594019440     
   4.20699993769328        4.50749993324280      -0.164374143483800     
   4.20699993769328        4.80799992879232      -0.153406756979297     
   4.20699993769328        5.10849992434184      -0.142922867388029     
   4.20699993769328        5.40899991989136      -0.132758003249390     
   4.20699993769328        5.70949991544088      -0.122837727429747     
   4.20699993769328        6.00999991099040      -0.113334597842611     
   4.20699993769328        6.31049990653992      -0.104573107846134     
   4.20699993769328        6.61099990208944      -9.686410695403271E-002
   4.20699993769328        6.91149989763896      -9.049730664665302E-002
   4.20699993769328        7.21199989318848      -8.507041113731262E-002
   4.50749993324280       0.000000000000000E+000 -0.188792973777608     
   4.50749993324280       0.300499995549520      -0.197072696450888     
   4.50749993324280       0.600999991099040      -0.200406368466771     
   4.50749993324280       0.901499986648560      -0.203337651591374     
   4.50749993324280        1.20199998219808      -0.207066961449827     
   4.50749993324280        1.50249997774760      -0.210549331085974     
   4.50749993324280        1.80299997329712      -0.212700031310286     
   4.50749993324280        2.10349996884664      -0.212802813642737     
   4.50749993324280        2.40399996439616      -0.210632145967952     
   4.50749993324280        2.70449995994568      -0.206339088920183     
   4.50749993324280        3.00499995549520      -0.200237762952706     
   4.50749993324280        3.30549995104472      -0.192650119130959     
   4.50749993324280        3.60599994659424      -0.183889429809158     
   4.50749993324280        3.90649994214376      -0.174322720933014     
   4.50749993324280        4.20699993769328      -0.164373919741780     
   4.50749993324280        4.50749993324280      -0.154422191912794     
   4.50749993324280        4.80799992879232      -0.144673370666305     
   4.50749993324280        5.10849992434184      -0.135137509444631     
   4.50749993324280        5.40899991989136      -0.125752147109652     
   4.50749993324280        5.70949991544088      -0.116554505296813     
   4.50749993324280        6.00999991099040      -0.107761110930465     
   4.50749993324280        6.31049990653992      -9.966628646606884E-002
   4.50749993324280        6.61099990208944      -9.246260953343191E-002
   4.50749993324280        6.91149989763896      -8.625448665371875E-002
   4.50749993324280        7.21199989318848      -8.074315843650919E-002
   4.80799992879232       0.000000000000000E+000 -0.163252099697281     
   4.80799992879232       0.300499995549520      -0.171521771583666     
   4.80799992879232       0.600999991099040      -0.176798186794288     
   4.80799992879232       0.901499986648560      -0.180963698928791     
   4.80799992879232        1.20199998219808      -0.184769287674347     
   4.80799992879232        1.50249997774760      -0.188041990236519     
   4.80799992879232        1.80299997329712      -0.190278861666305     
   4.80799992879232        2.10349996884664      -0.191014494527190     
   4.80799992879232        2.40399996439616      -0.190002760630085     
   4.80799992879232        2.70449995994568      -0.187227541591705     
   4.80799992879232        3.00499995549520      -0.182814221760756     
   4.80799992879232        3.30549995104472      -0.176950592032444     
   4.80799992879232        3.60599994659424      -0.169879574100843     
   4.80799992879232        3.90649994214376      -0.161914269577355     
   4.80799992879232        4.20699993769328      -0.153406312237600     
   4.80799992879232        4.50749993324280      -0.144673103658545     
   4.80799992879232        4.80799992879232      -0.135918835259587     
   4.80799992879232        5.10849992434184      -0.127221934811816     
   4.80799992879232        5.40899991989136      -0.118620048659385     
   4.80799992879232        5.70949991544088      -0.110218861667298     
   4.80799992879232        6.00999991099040      -0.102222922844298     
   4.80799992879232        6.31049990653992      -9.484939790471665E-002
   4.80799992879232        6.61099990208944      -8.819339348812355E-002
   4.80799992879232        6.91149989763896      -8.218817519016451E-002
   4.80799992879232        7.21199989318848      -7.669163497102414E-002
   5.10849992434184       0.000000000000000E+000 -0.142927425764582     
   5.10849992434184       0.300499995549520      -0.150797345076199     
   5.10849992434184       0.600999991099040      -0.156961633242140     
   5.10849992434184       0.901499986648560      -0.161982668487667     
   5.10849992434184        1.20199998219808      -0.166069730752358     
   5.10849992434184        1.50249997774760      -0.169315531868112     
   5.10849992434184        1.80299997329712      -0.171595016759059     
   5.10849992434184        2.10349996884664      -0.172679957108545     
   5.10849992434184        2.40399996439616      -0.172383371755180     
   5.10849992434184        2.70449995994568      -0.170625224724313     
   5.10849992434184        3.00499995549520      -0.167420534666109     
   5.10849992434184        3.30549995104472      -0.162853024803307     
   5.10849992434184        3.60599994659424      -0.157079008486950     
   5.10849992434184        3.90649994214376      -0.150336656794017     
   5.10849992434184        4.20699993769328      -0.142922521316490     
   5.10849992434184        4.50749993324280      -0.135137140403684     
   5.10849992434184        4.80799992879232      -0.127221704783635     
   5.10849992434184        5.10849992434184      -0.119332439914612     
   5.10849992434184        5.40899991989136      -0.111577324701523     
   5.10849992434184        5.70949991544088      -0.104071604143062     
   5.10849992434184        6.00999991099040      -9.694819737312275E-002
   5.10849992434184        6.31049990653992      -9.030848227081545E-002
   5.10849992434184        6.61099990208944      -8.417482745467086E-002
   5.10849992434184        6.91149989763896      -7.853721157638927E-002
   5.10849992434184        7.21199989318848      -7.326172987940305E-002
   5.40899991989136       0.000000000000000E+000 -0.128164999110929     
   5.40899991989136       0.300499995549520      -0.135140506556132     
   5.40899991989136       0.600999991099040      -0.141145243300896     
   5.40899991989136       0.901499986648560      -0.146176170850766     
   5.40899991989136        1.20199998219808      -0.150335372345873     
   5.40899991989136        1.50249997774760      -0.153590767692526     
   5.40899991989136        1.80299997329712      -0.155863490853377     
   5.40899991989136        2.10349996884664      -0.157111040646391     
   5.40899991989136        2.40399996439616      -0.157221570875687     
   5.40899991989136        2.70449995994568      -0.156100003303113     
   5.40899991989136        3.00499995549520      -0.153702083544683     
   5.40899991989136        3.30549995104472      -0.150039452688391     
   5.40899991989136        3.60599994659424      -0.145194941043447     
   5.40899991989136        3.90649994214376      -0.139344853896843     
   5.40899991989136        4.20699993769328      -0.132758003318977     
   5.40899991989136        4.50749993324280      -0.125751747380272     
   5.40899991989136        4.80799992879232      -0.118619565838011     
   5.40899991989136        5.10849992434184      -0.111577007855998     
   5.40899991989136        5.40899991989136      -0.104756329092359     
   5.40899991989136        5.70949991544088      -9.822960873946071E-002
   5.40899991989136        6.00999991099040      -9.201885410663459E-002
   5.40899991989136        6.31049990653992      -8.613860312014972E-002
   5.40899991989136        6.61099990208944      -8.061590934212683E-002
   5.40899991989136        6.91149989763896      -7.541024083071149E-002
   5.40899991989136        7.21199989318848      -7.046959129916457E-002
   5.70949991544088       0.000000000000000E+000 -0.118103723725742     
   5.70949991544088       0.300499995549520      -0.123895584844070     
   5.70949991544088       0.600999991099040      -0.129102926464117     
   5.70949991544088       0.901499986648560      -0.133621697040763     
   5.70949991544088        1.20199998219808      -0.137363708782844     
   5.70949991544088        1.50249997774760      -0.140289068069991     
   5.70949991544088        1.80299997329712      -0.142355067354943     
   5.70949991544088        2.10349996884664      -0.143547024620721     
   5.70949991544088        2.40399996439616      -0.143795439835205     
   5.70949991544088        2.70449995994568      -0.143001158285202     
   5.70949991544088        3.00499995549520      -0.141094480894859     
   5.70949991544088        3.30549995104472      -0.138047121341047     
   5.70949991544088        3.60599994659424      -0.133885694646771     
   5.70949991544088        3.90649994214376      -0.128731432409860     
   5.70949991544088        4.20699993769328      -0.122837857253734     
   5.70949991544088        4.50749993324280      -0.116553843182106     
   5.70949991544088        4.80799992879232      -0.110217989054240     
   5.70949991544088        5.10849992434184      -0.104070932815816     
   5.70949991544088        5.40899991989136      -9.822932935096741E-002
   5.70949991544088        5.70949991544088      -9.270206044195882E-002
   5.70949991544088        6.00999991099040      -8.743322366552878E-002
   5.70949991544088        6.31049990653992      -8.239735984513560E-002
   5.70949991544088        6.61099990208944      -7.755878316405497E-002
   5.70949991544088        6.91149989763896      -7.287436397005723E-002
   5.70949991544088        7.21199989318848      -6.831476263900248E-002
   6.00999991099040       0.000000000000000E+000 -0.111895351481135     
   6.00999991099040       0.300499995549520      -0.116097876955064     
   6.00999991099040       0.600999991099040      -0.119970067649407     
   6.00999991099040       0.901499986648560      -0.123529603146146     
   6.00999991099040        1.20199998219808      -0.126527479475523     
   6.00999991099040        1.50249997774760      -0.128856849443197     
   6.00999991099040        1.80299997329712      -0.130471316568615     
   6.00999991099040        2.10349996884664      -0.131359187945915     
   6.00999991099040        2.40399996439616      -0.131503955943958     
   6.00999991099040        2.70449995994568      -0.130796440008204     
   6.00999991099040        3.00499995549520      -0.129171554293512     
   6.00999991099040        3.30549995104472      -0.126601970055474     
   6.00999991099040        3.60599994659424      -0.123062558844536     
   6.00999991099040        3.90649994214376      -0.118569752614714     
   6.00999991099040        4.20699993769328      -0.113333929554454     
   6.00999991099040        4.50749993324280      -0.107759679058875     
   6.00999991099040        4.80799992879232      -0.102221564065312     
   6.00999991099040        5.10849992434184      -9.694734424221753E-002
   6.00999991099040        5.40899991989136      -9.201862982825050E-002
   6.00999991099040        5.70949991544088      -8.743336254964597E-002
   6.00999991099040        6.00999991099040      -8.311115704199629E-002
   6.00999991099040        6.31049990653992      -7.894466154301050E-002
   6.00999991099040        6.61099990208944      -7.484397815132675E-002
   6.00999991099040        6.91149989763896      -7.077011695740287E-002
   6.00999991099040        7.21199989318848      -6.667591237692222E-002
   6.31049990653992       0.000000000000000E+000 -0.108383127709879     
   6.31049990653992       0.300499995549520      -0.110394315188174     
   6.31049990653992       0.600999991099040      -0.112423857367523     
   6.31049990653992       0.901499986648560      -0.114804593897897     
   6.31049990653992        1.20199998219808      -0.116946295557187     
   6.31049990653992        1.50249997774760      -0.118600763023337     
   6.31049990653992        1.80299997329712      -0.119685063425597     
   6.31049990653992        2.10349996884664      -0.120158740762998     
   6.31049990653992        2.40399996439616      -0.120048670164610     
   6.31049990653992        2.70449995994568      -0.119267705540672     
   6.31049990653992        3.00499995549520      -0.117788359558553     
   6.31049990653992        3.30549995104472      -0.115671063007392     
   6.31049990653992        3.60599994659424      -0.112833503806709     
   6.31049990653992        3.90649994214376      -0.109103282726449     
   6.31049990653992        4.20699993769328      -0.104570165058541     
   6.31049990653992        4.50749993324280      -9.966355259189209E-002
   6.31049990653992        4.80799992879232      -9.484780021659522E-002
   6.31049990653992        5.10849992434184      -9.030800329032854E-002
   6.31049990653992        5.40899991989136      -8.613905684661972E-002
   6.31049990653992        5.70949991544088      -8.239824301872010E-002
   6.31049990653992        6.00999991099040      -7.894535988958094E-002
   6.31049990653992        6.31049990653992      -7.558713156806961E-002
   6.31049990653992        6.61099990208944      -7.217480546458750E-002
   6.31049990653992        6.91149989763896      -6.877280565231599E-002
   6.31049990653992        7.21199989318848      -6.532492362379913E-002
   6.61099990208944       0.000000000000000E+000 -0.105426888113992     
   6.61099990208944       0.300499995549520      -0.104375139881916     
   6.61099990208944       0.600999991099040      -0.104482111715417     
   6.61099990208944       0.901499986648560      -0.106064033844160     
   6.61099990208944        1.20199998219808      -0.107709876364865     
   6.61099990208944        1.50249997774760      -0.108942478180962     
   6.61099990208944        1.80299997329712      -0.109645722899569     
   6.61099990208944        2.10349996884664      -0.109791039357015     
   6.61099990208944        2.40399996439616      -0.109425236635701     
   6.61099990208944        2.70449995994568      -0.108495250784881     
   6.61099990208944        3.00499995549520      -0.107132526159097     
   6.61099990208944        3.30549995104472      -0.105565686252924     
   6.61099990208944        3.60599994659424      -0.103653513652051     
   6.61099990208944        3.90649994214376      -0.100760069545235     
   6.61099990208944        4.20699993769328      -9.685918481994665E-002
   6.61099990208944        4.50749993324280      -9.245931020568088E-002
   6.61099990208944        4.80799992879232      -8.819251874004115E-002
   6.61099990208944        5.10849992434184      -8.417569479047407E-002
   6.61099990208944        5.40899991989136      -8.061782382156260E-002
   6.61099990208944        5.70949991544088      -7.756100440580237E-002
   6.61099990208944        6.00999991099040      -7.484572258550870E-002
   6.61099990208944        6.31049990653992      -7.217547543813778E-002
   6.61099990208944        6.61099990208944      -6.923192603780753E-002
   6.61099990208944        6.91149989763896      -6.636774668919000E-002
   6.61099990208944        7.21199989318848      -6.393224853558259E-002
   6.91149989763896       0.000000000000000E+000 -9.866129271311042E-002
   6.91149989763896       0.300499995549520      -9.579481037003083E-002
   6.91149989763896       0.600999991099040      -9.440834915095851E-002
   6.91149989763896       0.901499986648560      -9.627774696513720E-002
   6.91149989763896        1.20199998219808      -9.827885867297251E-002
   6.91149989763896        1.50249997774760      -9.960088272721494E-002
   6.91149989763896        1.80299997329712      -0.100239292216138     
   6.91149989763896        2.10349996884664      -0.100270210271891     
   6.91149989763896        2.40399996439616      -9.979980948301723E-002
   6.91149989763896        2.70449995994568      -9.890959074794113E-002
   6.91149989763896        3.00499995549520      -9.789270140842626E-002
   6.91149989763896        3.30549995104472      -9.728235176531516E-002
   6.91149989763896        3.60599994659424      -9.667763629186654E-002
   6.91149989763896        3.90649994214376      -9.411060381243601E-002
   6.91149989763896        4.20699993769328      -9.049415252423790E-002
   6.91149989763896        4.50749993324280      -8.625383217375157E-002
   6.91149989763896        4.80799992879232      -8.218987086181848E-002
   6.91149989763896        5.10849992434184      -7.854052385091559E-002
   6.91149989763896        5.40899991989136      -7.541429667123001E-002
   6.91149989763896        5.70949991544088      -7.287827150843174E-002
   6.91149989763896        6.00999991099040      -7.077290340135510E-002
   6.91149989763896        6.31049990653992      -6.877351946178653E-002
   6.91149989763896        6.61099990208944      -6.636648471751247E-002
   6.91149989763896        6.91149989763896      -6.383207367502275E-002
   6.91149989763896        7.21199989318848      -6.224915022761570E-002
   7.21199989318848       0.000000000000000E+000 -9.014622501132025E-002
   7.21199989318848       0.300499995549520      -8.663628788225523E-002
   7.21199989318848       0.600999991099040      -8.414693915138552E-002
   7.21199989318848       0.901499986648560      -8.664208136436324E-002
   7.21199989318848        1.20199998219808      -8.916028438934853E-002
   7.21199989318848        1.50249997774760      -9.075962361476016E-002
   7.21199989318848        1.80299997329712      -9.153314665656533E-002
   7.21199989318848        2.10349996884664      -9.165852805821292E-002
   7.21199989318848        2.40399996439616      -9.134249203790866E-002
   7.21199989318848        2.70449995994568      -9.085276897001553E-002
   7.21199989318848        3.00499995549520      -9.058221151315603E-002
   7.21199989318848        3.30549995104472      -9.097705203037390E-002
   7.21199989318848        3.60599994659424      -9.123116705984002E-002
   7.21199989318848        3.90649994214376      -8.841461254780865E-002
   7.21199989318848        4.20699993769328      -8.507514840867056E-002
   7.21199989318848        4.50749993324280      -8.074852369085617E-002
   7.21199989318848        4.80799992879232      -7.669760853268148E-002
   7.21199989318848        5.10849992434184      -7.326818605961878E-002
   7.21199989318848        5.40899991989136      -7.047603671028048E-002
   7.21199989318848        5.70949991544088      -6.832036175270748E-002
   7.21199989318848        6.00999991099040      -6.667965246711773E-002
   7.21199989318848        6.31049990653992      -6.532573123231297E-002
   7.21199989318848        6.61099990208944      -6.392984441710695E-002
   7.21199989318848        6.91149989763896      -6.224705980315372E-002
   7.21199989318848        7.21199989318848      -5.977313816440002E-002
